-7.236789731558110878e-07
2.164997399200775620e-06
2.295547847012171768e-06
-2.135528575407570368e-06
1.955314767579626801e-06
8.050938542160576395e-07
-2.266155333906183451e-06
-2.961648994747546602e-06
-2.699868886708025289e-06
-4.125556158976850419e-06
-4.481911484277444761e-06
-8.323479166101848125e-06
-1.348260431927281786e-05
-1.606342955400152516e-05
-1.945309936020651293e-05
-2.003813674800171985e-05
-1.465086204806187254e-05
-9.899397160062347876e-06
-1.199855657603810866e-05
-1.937029912497540890e-05
-2.409706142567341597e-05
-1.729836055358329293e-05
-8.990357547814718415e-06
-6.916715867512361179e-06
-2.210040762172452805e-06
2.391229866041748767e-06
2.987409793354453461e-06
4.098169317104842747e-06
3.449671157445314510e-06
1.455584096111847098e-06
5.234826252827988034e-07
5.134351120525211309e-06
1.007306937014861597e-05
1.217670414711146502e-05
8.345688897571872016e-06
-1.230353095105774569e-07
-5.469880968828385860e-06
-8.583388482018168214e-06
-9.871845397909140271e-06
-1.453536723715878082e-05
-1.213679566560423968e-05
-7.462327360214603253e-06
-9.709805234041925498e-06
-6.852993382783090638e-06
-1.115036161994455334e-06
-1.349230364098222793e-05
5.882951567345544980e-06
1.890211926540807225e-06
-1.255137016932852290e-06
-3.552876003841243359e-07
1.155344832500614233e-06
-8.109919611677802694e-06
7.310680947117329914e-06
-3.303272357846069644e-06
2.437928650052083573e-07
-6.017894322725089807e-06
-7.661471457855638324e-06
-1.053916266614570716e-05
-6.579113308222255335e-06
-2.860023203343559245e-06
-3.956398789186213932e-06
-6.763638230619834046e-06
-5.580026035038675142e-06
6.859423946065593559e-07
7.437561778575605263e-06
7.391644985253061797e-06
2.533738441397812397e-06
-7.069989725225086263e-07
1.704706307745146392e-06
2.278848939797421662e-06
8.129978929169123884e-07
-1.364883029413072987e-06
7.861135088062587493e-07
3.989123076952911976e-06
6.056710976460111655e-06
8.528339020704838805e-06
1.027587259790454285e-05
1.048569962705153249e-05
8.780015241800128838e-06
5.590458794645760462e-06
4.912569902550527017e-06
8.332988833339602749e-06
8.015327244930279646e-06
8.470864930364857028e-06
1.164990187417953103e-05
1.453521253807809531e-05
1.716952525333096343e-05
1.609434213440442092e-05
1.302434414041169994e-05
1.036637451787764659e-05
1.409106988123259353e-05
1.870000121659226393e-05
2.125014823435685869e-05
2.235884915341626843e-05
2.064863271205713411e-05
3.096173195840843214e-05
1.642053629524893769e-05
3.432720748548972534e-05
2.501604292845407461e-05
2.550873663000301493e-05
7.522859764810263528e-03
2.971231070770663507e-02
3.918724992821864817e-02
7.234006593277797492e-02
7.786854085093963818e-02
8.655647726016368892e-02
4.407144040911248339e-02
6.058850214000344181e-02
-3.677877180848554417e-03
4.912510995011842851e-02
-3.690241248239800598e-02
6.328881884791570656e-02
-6.973091940331954675e-02
-1.249586869917607146e-02
-4.632535009459104458e-02
3.062538046803808811e-02
-1.016213771553111656e-01
2.329052875320769544e-02
-5.280636053711873501e-02
-4.795362319329399270e-02
-9.593068965996565112e-02
-1.170534423474833829e-01
-9.875489692079497672e-02
-1.171350292650288338e-01
-8.705153676494603587e-02
-8.154111871492375485e-02
-6.791425609441148481e-02
-5.773793213180056227e-02
-1.353107011567544760e-03
-4.999617669541578380e-02
3.609096694388824744e-02
2.504668756694172771e-02
2.296105838746598238e-02
7.991600531545373087e-02
4.234325330767774176e-02
1.160695373810511910e-01
2.262743394594224355e-02
4.224120871943171096e-02
1.463173930538630430e-02
9.155837350502338268e-02
6.831842496194440173e-02
