-1.14878e-06	1.62147e-06	3.28754e-05	6.3738e-05	2.43307e-05	8.98659e-06	5.57818e-06	6.35956e-06	6.54625e-06	6.59995e-06	6.61732e-06	6.62417e-06	6.62639e-06	6.62764e-06	6.62754e-06	6.62773e-06	6.6271e-06	6.627e-06	6.6262e-06	6.62599e-06	6.62511e-06	6.62483e-06	6.62389e-06	6.62356e-06	6.62258e-06	6.62222e-06	6.62121e-06	6.62082e-06	6.6198e-06	6.61943e-06	6.61843e-06	6.61812e-06	6.61725e-06	6.61714e-06	6.61661e-06	6.61707e-06	6.6175e-06	6.61965e-06	6.62316e-06	6.63107e-06	6.64535e-06	6.67013e-06	6.6806e-06	6.30239e-06	4.25842e-06	3.14225e-05	1.42178e-06	-3.01676e-05	-3.25917e-05	-3.14995e-05
-1.21785e-06	1.39074e-06	3.21831e-05	6.19345e-05	3.44426e-05	4.90391e-05	6.67463e-05	7.05145e-05	6.9694e-05	6.94634e-05	6.93837e-05	6.9351e-05	6.93345e-05	6.93256e-05	6.93192e-05	6.9315e-05	6.93109e-05	6.93077e-05	6.93042e-05	6.93012e-05	6.92976e-05	6.92944e-05	6.92906e-05	6.92873e-05	6.92832e-05	6.92795e-05	6.92751e-05	6.9271e-05	6.92663e-05	6.9262e-05	6.9257e-05	6.92524e-05	6.92472e-05	6.92425e-05	6.92374e-05	6.92329e-05	6.92284e-05	6.92253e-05	6.92237e-05	6.92262e-05	6.92353e-05	6.92552e-05	6.9263e-05	6.88897e-05	6.67401e-05	9.38268e-05	6.42089e-05	3.2481e-05	2.99706e-05	3.10896e-05
-1.18256e-06	1.48915e-06	3.24277e-05	6.26715e-05	3.62466e-05	3.89624e-05	2.67365e-05	9.33584e-06	5.53152e-06	6.31032e-06	6.51409e-06	6.5785e-06	6.60148e-06	6.61126e-06	6.61501e-06	6.61705e-06	6.61734e-06	6.6177e-06	6.61711e-06	6.61696e-06	6.61606e-06	6.61571e-06	6.61467e-06	6.61423e-06	6.61311e-06	6.61261e-06	6.61145e-06	6.61092e-06	6.60974e-06	6.60921e-06	6.60805e-06	6.60758e-06	6.60654e-06	6.60628e-06	6.60558e-06	6.60588e-06	6.60614e-06	6.60813e-06	6.61148e-06	6.61923e-06	6.63335e-06	6.658e-06	6.66838e-06	6.29028e-06	4.24364e-06	3.14057e-05	1.41445e-06	-3.01781e-05	-3.26044e-05	-3.15116e-05
-1.20229e-06	1.44121e-06	3.23247e-05	6.24143e-05	3.5485e-05	3.71429e-05	3.68563e-05	4.93993e-05	6.67065e-05	7.04741e-05	6.96712e-05	6.94514e-05	6.93775e-05	6.93478e-05	6.93329e-05	6.93247e-05	6.93188e-05	6.93147e-05	6.93107e-05	6.93075e-05	6.93038e-05	6.93007e-05	6.9297e-05	6.92937e-05	6.92897e-05	6.92861e-05	6.92819e-05	6.9278e-05	6.92734e-05	6.92693e-05	6.92644e-05	6.926e-05	6.9255e-05	6.92504e-05	6.92454e-05	6.92411e-05	6.92368e-05	6.92339e-05	6.92324e-05	6.9235e-05	6.92443e-05	6.92644e-05	6.92723e-05	6.88988e-05	6.67519e-05	9.38407e-05	6.42133e-05	3.24885e-05	2.99804e-05	3.10987e-05
-1.19045e-06	1.46708e-06	3.23744e-05	6.25216e-05	3.57494e-05	3.79031e-05	3.86608e-05	3.93223e-05	2.66936e-05	9.28973e-06	5.50298e-06	6.29264e-06	6.50209e-06	6.56947e-06	6.594e-06	6.60459e-06	6.60874e-06	6.61096e-06	6.6113e-06	6.61161e-06	6.61092e-06	6.61065e-06	6.6096e-06	6.60909e-06	6.60788e-06	6.60726e-06	6.60597e-06	6.6053e-06	6.60397e-06	6.60329e-06	6.60197e-06	6.60134e-06	6.60015e-06	6.59972e-06	6.59886e-06	6.599e-06	6.5991e-06	6.60093e-06	6.60411e-06	6.6117e-06	6.62567e-06	6.65018e-06	6.66048e-06	6.28249e-06	4.23318e-06	3.13932e-05	1.41146e-06	-3.01843e-05	-3.26128e-05	-3.15194e-05
-1.19797e-06	1.45196e-06	3.23477e-05	6.24701e-05	3.56395e-05	3.7639e-05	3.78996e-05	3.75039e-05	3.68158e-05	4.93564e-05	6.66815e-05	7.04603e-05	6.9663e-05	6.94462e-05	6.93739e-05	6.9345e-05	6.93305e-05	6.93225e-05	6.93166e-05	6.93125e-05	6.93084e-05	6.93051e-05	6.93012e-05	6.9298e-05	6.9294e-05	6.92906e-05	6.92864e-05	6.92827e-05	6.92783e-05	6.92742e-05	6.92696e-05	6.92653e-05	6.92604e-05	6.9256e-05	6.92512e-05	6.92471e-05	6.92429e-05	6.92401e-05	6.92388e-05	6.92416e-05	6.9251e-05	6.92712e-05	6.92792e-05	6.89056e-05	6.67613e-05	9.38522e-05	6.42153e-05	3.24937e-05	2.99879e-05	3.11055e-05
-1.19296e-06	1.46137e-06	3.23633e-05	6.24976e-05	3.56921e-05	3.77488e-05	3.81638e-05	3.82638e-05	3.86199e-05	3.92787e-05	2.66667e-05	9.27302e-06	5.49191e-06	6.28455e-06	6.49556e-06	6.56375e-06	6.58869e-06	6.59946e-06	6.60365e-06	6.60583e-06	6.60607e-06	6.60625e-06	6.60541e-06	6.60497e-06	6.60375e-06	6.60307e-06	6.60168e-06	6.60089e-06	6.59944e-06	6.59862e-06	6.59716e-06	6.59638e-06	6.59503e-06	6.59444e-06	6.59342e-06	6.5934e-06	6.59334e-06	6.595e-06	6.59803e-06	6.60546e-06	6.61927e-06	6.64365e-06	6.65387e-06	6.27599e-06	4.224e-06	3.1382e-05	1.40976e-06	-3.01892e-05	-3.262e-05	-3.15259e-05
-1.19643e-06	1.45521e-06	3.23536e-05	6.24816e-05	3.56641e-05	3.76962e-05	3.8054e-05	3.79998e-05	3.78589e-05	3.74606e-05	3.67897e-05	4.93414e-05	6.66728e-05	7.04548e-05	6.96591e-05	6.94431e-05	6.93712e-05	6.93424e-05	6.9328e-05	6.932e-05	6.9314e-05	6.93097e-05	6.93055e-05	6.9302e-05	6.9298e-05	6.92945e-05	6.92904e-05	6.92868e-05	6.92825e-05	6.92786e-05	6.9274e-05	6.92699e-05	6.92652e-05	6.9261e-05	6.92563e-05	6.92523e-05	6.92483e-05	6.92457e-05	6.92445e-05	6.92475e-05	6.9257e-05	6.92774e-05	6.92854e-05	6.89118e-05	6.67702e-05	9.38631e-05	6.42167e-05	3.24982e-05	2.99947e-05	3.11117e-05
-1.19396e-06	1.45942e-06	3.23599e-05	6.24915e-05	3.56803e-05	3.77243e-05	3.81066e-05	3.81096e-05	3.8123e-05	3.82203e-05	3.85937e-05	3.92634e-05	2.66566e-05	9.26523e-06	5.48555e-06	6.27903e-06	6.49044e-06	6.5588e-06	6.58378e-06	6.59451e-06	6.5986e-06	6.60065e-06	6.60074e-06	6.60076e-06	6.59975e-06	6.59914e-06	6.59774e-06	6.59689e-06	6.59533e-06	6.59439e-06	6.5928e-06	6.59188e-06	6.59039e-06	6.58965e-06	6.58848e-06	6.5883e-06	6.58808e-06	6.58958e-06	6.59245e-06	6.59973e-06	6.61338e-06	6.63762e-06	6.64776e-06	6.27e-06	4.21533e-06	3.13713e-05	1.40858e-06	-3.01936e-05	-3.26266e-05	-3.15319e-05
-1.19577e-06	1.45644e-06	3.23556e-05	6.24851e-05	3.56702e-05	3.7708e-05	3.80785e-05	3.8057e-05	3.80132e-05	3.79565e-05	3.78327e-05	3.74452e-05	3.678e-05	4.93351e-05	6.66687e-05	7.04516e-05	6.96563e-05	6.94405e-05	6.93686e-05	6.93398e-05	6.93253e-05	6.93172e-05	6.9311e-05	6.93066e-05	6.93022e-05	6.92985e-05	6.92943e-05	6.92907e-05	6.92865e-05	6.92827e-05	6.92782e-05	6.92742e-05	6.92696e-05	6.92656e-05	6.9261e-05	6.92572e-05	6.92533e-05	6.92509e-05	6.92499e-05	6.9253e-05	6.92627e-05	6.92832e-05	6.92913e-05	6.89176e-05	6.67786e-05	9.38737e-05	6.42177e-05	3.25023e-05	3.00011e-05	3.11175e-05
-1.19441e-06	1.4586e-06	3.23587e-05	6.24895e-05	3.56768e-05	3.77181e-05	3.80948e-05	3.80851e-05	3.80658e-05	3.80662e-05	3.80969e-05	3.8205e-05	3.8584e-05	3.92567e-05	2.6651e-05	9.25984e-06	5.48042e-06	6.27408e-06	6.48553e-06	6.55385e-06	6.57873e-06	6.58933e-06	6.59327e-06	6.59515e-06	6.59507e-06	6.59492e-06	6.59373e-06	6.59295e-06	6.59139e-06	6.59038e-06	6.5887e-06	6.58766e-06	6.58603e-06	6.58516e-06	6.58384e-06	6.58351e-06	6.58313e-06	6.58448e-06	6.58719e-06	6.59431e-06	6.60782e-06	6.63193e-06	6.64198e-06	6.26433e-06	4.20699e-06	3.13608e-05	1.40772e-06	-3.01976e-05	-3.26329e-05	-3.15375e-05
-1.19545e-06	1.45699e-06	3.23565e-05	6.24864e-05	3.56723e-05	3.77115e-05	3.80847e-05	3.80688e-05	3.80377e-05	3.80136e-05	3.7987e-05	3.79411e-05	3.7823e-05	3.74385e-05	3.67748e-05	4.93312e-05	6.66658e-05	7.0449e-05	6.96538e-05	6.94379e-05	6.93659e-05	6.9337e-05	6.93223e-05	6.9314e-05	6.93077e-05	6.93031e-05	6.92985e-05	6.92947e-05	6.92903e-05	6.92866e-05	6.92822e-05	6.92783e-05	6.92738e-05	6.92699e-05	6.92655e-05	6.92618e-05	6.92581e-05	6.92558e-05	6.92549e-05	6.92582e-05	6.92681e-05	6.92887e-05	6.92969e-05	6.8923e-05	6.67867e-05	9.38838e-05	6.42184e-05	3.25061e-05	3.00072e-05	3.11229e-05
-1.19464e-06	1.45822e-06	3.23581e-05	6.24886e-05	3.56755e-05	3.7716e-05	3.80913e-05	3.80789e-05	3.80541e-05	3.80417e-05	3.80397e-05	3.80509e-05	3.80872e-05	3.81983e-05	3.85789e-05	3.92524e-05	2.66466e-05	9.25505e-06	5.47551e-06	6.26915e-06	6.4805e-06	6.54869e-06	6.57342e-06	6.58387e-06	6.58764e-06	6.58935e-06	6.58909e-06	6.58877e-06	6.58742e-06	6.58649e-06	6.58479e-06	6.58369e-06	6.58197e-06	6.58098e-06	6.57953e-06	6.57906e-06	6.57853e-06	6.57974e-06	6.58229e-06	6.58926e-06	6.60262e-06	6.62659e-06	6.63657e-06	6.25904e-06	4.19902e-06	3.13508e-05	1.40723e-06	-3.02013e-05	-3.26389e-05	-3.15428e-05
-1.19528e-06	1.45727e-06	3.23569e-05	6.24869e-05	3.56732e-05	3.77128e-05	3.80868e-05	3.80723e-05	3.80439e-05	3.80254e-05	3.80115e-05	3.79982e-05	3.79773e-05	3.79343e-05	3.78178e-05	3.74341e-05	3.67708e-05	4.93278e-05	6.6663e-05	7.04464e-05	6.96511e-05	6.94351e-05	6.9363e-05	6.93339e-05	6.9319e-05	6.93106e-05	6.93041e-05	6.92993e-05	6.92945e-05	6.92905e-05	6.92861e-05	6.92822e-05	6.92778e-05	6.92739e-05	6.92696e-05	6.92661e-05	6.92625e-05	6.92604e-05	6.92597e-05	6.92631e-05	6.92731e-05	6.92939e-05	6.93021e-05	6.89281e-05	6.67945e-05	9.38937e-05	6.42187e-05	3.25096e-05	3.00129e-05	3.1128e-05
-1.19476e-06	1.45802e-06	3.23578e-05	6.24882e-05	3.56749e-05	3.77151e-05	3.809e-05	3.80768e-05	3.80506e-05	3.80355e-05	3.80279e-05	3.80264e-05	3.803e-05	3.80442e-05	3.80821e-05	3.8194e-05	3.8575e-05	3.92486e-05	2.66425e-05	9.25025e-06	5.47047e-06	6.26399e-06	6.47519e-06	6.54323e-06	6.56779e-06	6.57806e-06	6.58165e-06	6.5832e-06	6.58277e-06	6.5823e-06	6.58082e-06	6.57979e-06	6.57805e-06	6.577e-06	6.57546e-06	6.57487e-06	6.57422e-06	6.57529e-06	6.5777e-06	6.58452e-06	6.59773e-06	6.62158e-06	6.63148e-06	6.25406e-06	4.19136e-06	3.13411e-05	1.40707e-06	-3.02046e-05	-3.26445e-05	-3.15478e-05
-1.19519e-06	1.45742e-06	3.23571e-05	6.24872e-05	3.56736e-05	3.77134e-05	3.80876e-05	3.80736e-05	3.8046e-05	3.80289e-05	3.80177e-05	3.801e-05	3.80018e-05	3.79915e-05	3.79721e-05	3.793e-05	3.78139e-05	3.74304e-05	3.6767e-05	4.93245e-05	6.66602e-05	7.04437e-05	6.96481e-05	6.9432e-05	6.93597e-05	6.93304e-05	6.93154e-05	6.93068e-05	6.93001e-05	6.92952e-05	6.92903e-05	6.92862e-05	6.92817e-05	6.92779e-05	6.92736e-05	6.92702e-05	6.92667e-05	6.92647e-05	6.92641e-05	6.92677e-05	6.92778e-05	6.92987e-05	6.93071e-05	6.8933e-05	6.6802e-05	9.39033e-05	6.42188e-05	3.25127e-05	3.00184e-05	3.11328e-05
-1.19484e-06	1.45791e-06	3.23577e-05	6.2488e-05	3.56746e-05	3.77147e-05	3.80894e-05	3.8076e-05	3.80492e-05	3.80334e-05	3.80244e-05	3.80202e-05	3.80182e-05	3.80197e-05	3.80249e-05	3.80398e-05	3.80781e-05	3.81902e-05	3.85713e-05	3.92449e-05	2.66382e-05	9.24524e-06	5.46516e-06	6.25853e-06	6.46956e-06	6.53743e-06	6.56182e-06	6.57192e-06	6.57535e-06	6.57674e-06	6.57618e-06	6.57562e-06	6.5741e-06	6.57312e-06	6.57156e-06	6.57091e-06	6.57016e-06	6.57112e-06	6.5734e-06	6.58009e-06	6.59316e-06	6.61689e-06	6.62672e-06	6.24942e-06	4.18405e-06	3.13317e-05	1.40725e-06	-3.02076e-05	-3.26497e-05	-3.15524e-05
-1.19513e-06	1.4575e-06	3.23572e-05	6.24874e-05	3.56738e-05	3.77137e-05	3.80881e-05	3.80742e-05	3.80469e-05	3.80302e-05	3.80198e-05	3.80135e-05	3.8008e-05	3.80033e-05	3.79967e-05	3.79871e-05	3.79682e-05	3.79262e-05	3.78101e-05	3.74266e-05	3.67632e-05	4.93209e-05	6.66571e-05	7.04405e-05	6.96448e-05	6.94285e-05	6.9356e-05	6.93266e-05	6.93114e-05	6.93026e-05	6.92958e-05	6.92908e-05	6.92859e-05	6.92818e-05	6.92775e-05	6.92741e-05	6.92707e-05	6.92688e-05	6.92683e-05	6.9272e-05	6.92823e-05	6.93033e-05	6.93117e-05	6.89375e-05	6.68092e-05	9.39125e-05	6.42185e-05	3.25156e-05	3.00235e-05	3.11373e-05
-1.19488e-06	1.45784e-06	3.23576e-05	6.24879e-05	3.56745e-05	3.77145e-05	3.80891e-05	3.80756e-05	3.80486e-05	3.80326e-05	3.80231e-05	3.80181e-05	3.80147e-05	3.80135e-05	3.80131e-05	3.80154e-05	3.80209e-05	3.80361e-05	3.80744e-05	3.81865e-05	3.85674e-05	3.9241e-05	2.66337e-05	9.23992e-06	5.45951e-06	6.25271e-06	6.46357e-06	6.53127e-06	6.55549e-06	6.56544e-06	6.56874e-06	6.57004e-06	6.56944e-06	6.56893e-06	6.56757e-06	6.567e-06	6.56624e-06	6.56713e-06	6.56932e-06	6.5759e-06	6.58885e-06	6.61247e-06	6.62224e-06	6.24507e-06	4.17702e-06	3.13226e-05	1.40773e-06	-3.02104e-05	-3.26547e-05	-3.15567e-05
-1.19509e-06	1.45756e-06	3.23572e-05	6.24875e-05	3.56739e-05	3.77139e-05	3.80883e-05	3.80745e-05	3.80473e-05	3.80308e-05	3.80207e-05	3.80148e-05	3.80101e-05	3.80068e-05	3.80029e-05	3.79989e-05	3.79927e-05	3.79834e-05	3.79645e-05	3.79225e-05	3.78063e-05	3.74226e-05	3.6759e-05	4.9317e-05	6.66537e-05	7.04371e-05	6.96412e-05	6.94247e-05	6.93521e-05	6.93225e-05	6.93071e-05	6.92983e-05	6.92915e-05	6.92865e-05	6.92817e-05	6.92781e-05	6.92746e-05	6.92727e-05	6.92723e-05	6.92761e-05	6.92864e-05	6.93076e-05	6.9316e-05	6.89417e-05	6.6816e-05	9.39214e-05	6.42179e-05	3.25181e-05	3.00283e-05	3.11414e-05
-1.19491e-06	1.45779e-06	3.23575e-05	6.24878e-05	3.56744e-05	3.77144e-05	3.80889e-05	3.80753e-05	3.80483e-05	3.80322e-05	3.80225e-05	3.80172e-05	3.80134e-05	3.80114e-05	3.80096e-05	3.80092e-05	3.80092e-05	3.80116e-05	3.80172e-05	3.80323e-05	3.80706e-05	3.81825e-05	3.85633e-05	3.92367e-05	2.66288e-05	9.23423e-06	5.4535e-06	6.24655e-06	6.45724e-06	6.52479e-06	6.54888e-06	6.55874e-06	6.56199e-06	6.56334e-06	6.56292e-06	6.5628e-06	6.56226e-06	6.56322e-06	6.5654e-06	6.57192e-06	6.58479e-06	6.60832e-06	6.61804e-06	6.24101e-06	4.1703e-06	3.13139e-05	1.40852e-06	-3.02127e-05	-3.26593e-05	-3.15607e-05
-1.19507e-06	1.45759e-06	3.23573e-05	6.24875e-05	3.5674e-05	3.77139e-05	3.80884e-05	3.80747e-05	3.80475e-05	3.80311e-05	3.80211e-05	3.80154e-05	3.8011e-05	3.80081e-05	3.8005e-05	3.80024e-05	3.79989e-05	3.79952e-05	3.7989e-05	3.79796e-05	3.79606e-05	3.79185e-05	3.78021e-05	3.74183e-05	3.67545e-05	4.93128e-05	6.66499e-05	7.04333e-05	6.96372e-05	6.94206e-05	6.93478e-05	6.93181e-05	6.93028e-05	6.92939e-05	6.92873e-05	6.92828e-05	6.92788e-05	6.92767e-05	6.92762e-05	6.928e-05	6.92904e-05	6.93116e-05	6.93201e-05	6.89456e-05	6.68226e-05	9.393e-05	6.42169e-05	3.25203e-05	3.00328e-05	3.11452e-05
-1.19494e-06	1.45777e-06	3.23575e-05	6.24878e-05	3.56743e-05	3.77143e-05	3.80888e-05	3.80752e-05	3.80482e-05	3.80319e-05	3.80222e-05	3.80168e-05	3.80128e-05	3.80105e-05	3.80083e-05	3.80071e-05	3.80057e-05	3.80054e-05	3.80054e-05	3.80078e-05	3.80134e-05	3.80284e-05	3.80665e-05	3.81782e-05	3.85588e-05	3.92321e-05	2.66236e-05	9.22822e-06	5.44717e-06	6.24008e-06	6.45065e-06	6.5181e-06	6.54215e-06	6.55205e-06	6.55548e-06	6.55723e-06	6.55761e-06	6.55903e-06	6.56142e-06	6.56802e-06	6.58089e-06	6.60439e-06	6.6141e-06	6.23722e-06	4.16387e-06	3.13054e-05	1.40963e-06	-3.02148e-05	-3.26636e-05	-3.15643e-05
-1.19505e-06	1.45762e-06	3.23573e-05	6.24876e-05	3.56741e-05	3.7714e-05	3.80885e-05	3.80748e-05	3.80476e-05	3.80312e-05	3.80213e-05	3.80157e-05	3.80114e-05	3.80087e-05	3.80058e-05	3.80038e-05	3.8001e-05	3.79987e-05	3.79952e-05	3.79914e-05	3.79851e-05	3.79756e-05	3.79565e-05	3.79142e-05	3.77977e-05	3.74137e-05	3.67497e-05	4.93083e-05	6.66458e-05	7.04292e-05	6.9633e-05	6.94163e-05	6.93435e-05	6.93138e-05	6.92986e-05	6.92902e-05	6.92844e-05	6.92814e-05	6.92804e-05	6.9284e-05	6.92943e-05	6.93155e-05	6.9324e-05	6.89493e-05	6.68289e-05	9.39384e-05	6.42157e-05	3.25222e-05	3.0037e-05	3.11487e-05
-1.19495e-06	1.45775e-06	3.23575e-05	6.24877e-05	3.56743e-05	3.77143e-05	3.80888e-05	3.80751e-05	3.80481e-05	3.80318e-05	3.8022e-05	3.80166e-05	3.80125e-05	3.80101e-05	3.80077e-05	3.80062e-05	3.80043e-05	3.80033e-05	3.80019e-05	3.80017e-05	3.80016e-05	3.80039e-05	3.80093e-05	3.80241e-05	3.8062e-05	3.81736e-05	3.8554e-05	3.92271e-05	2.6618e-05	9.22187e-06	5.44055e-06	6.23338e-06	6.4439e-06	6.51139e-06	6.53561e-06	6.54591e-06	6.55014e-06	6.55343e-06	6.55676e-06	6.56382e-06	6.57691e-06	6.60051e-06	6.61029e-06	6.23363e-06	4.15767e-06	3.12972e-05	1.411e-06	-3.02166e-05	-3.26677e-05	-3.15677e-05
-1.19504e-06	1.45763e-06	3.23573e-05	6.24876e-05	3.56741e-05	3.7714e-05	3.80885e-05	3.80748e-05	3.80477e-05	3.80313e-05	3.80214e-05	3.80159e-05	3.80116e-05	3.8009e-05	3.80063e-05	3.80044e-05	3.80019e-05	3.8e-05	3.79973e-05	3.79949e-05	3.79913e-05	3.79874e-05	3.7981e-05	3.79714e-05	3.7952e-05	3.79096e-05	3.77929e-05	3.74087e-05	3.67446e-05	4.93034e-05	6.66415e-05	7.04249e-05	6.96286e-05	6.9412e-05	6.93393e-05	6.93101e-05	6.92957e-05	6.92888e-05	6.9286e-05	6.92886e-05	6.92985e-05	6.93194e-05	6.93277e-05	6.89528e-05	6.68349e-05	9.39465e-05	6.42142e-05	3.25238e-05	3.00408e-05	3.11519e-05
-1.19496e-06	1.45773e-06	3.23575e-05	6.24877e-05	3.56743e-05	3.77142e-05	3.80887e-05	3.80751e-05	3.8048e-05	3.80317e-05	3.80219e-05	3.80165e-05	3.80124e-05	3.80099e-05	3.80074e-05	3.80058e-05	3.80037e-05	3.80024e-05	3.80006e-05	3.79996e-05	3.79981e-05	3.79977e-05	3.79975e-05	3.79996e-05	3.80048e-05	3.80195e-05	3.80572e-05	3.81686e-05	3.85489e-05	3.92218e-05	2.66122e-05	9.21534e-06	5.43382e-06	6.22669e-06	6.43738e-06	6.50528e-06	6.5303e-06	6.54215e-06	6.54933e-06	6.55826e-06	6.5723e-06	6.59638e-06	6.60645e-06	6.23015e-06	4.15166e-06	3.12892e-05	1.41265e-06	-3.02181e-05	-3.26714e-05	-3.15707e-05
-1.19503e-06	1.45764e-06	3.23574e-05	6.24876e-05	3.56741e-05	3.77141e-05	3.80885e-05	3.80749e-05	3.80477e-05	3.80314e-05	3.80215e-05	3.8016e-05	3.80118e-05	3.80092e-05	3.80065e-05	3.80047e-05	3.80023e-05	3.80006e-05	3.79982e-05	3.79962e-05	3.79935e-05	3.79909e-05	3.79872e-05	3.79831e-05	3.79765e-05	3.79667e-05	3.79472e-05	3.79046e-05	3.77877e-05	3.74034e-05	3.67391e-05	4.92983e-05	6.66369e-05	7.04205e-05	6.96244e-05	6.94082e-05	6.93363e-05	6.93086e-05	6.92972e-05	6.92961e-05	6.9304e-05	6.9324e-05	6.93318e-05	6.89563e-05	6.68409e-05	9.39544e-05	6.42125e-05	3.25251e-05	3.00444e-05	3.11548e-05
-1.19497e-06	1.45772e-06	3.23574e-05	6.24877e-05	3.56742e-05	3.77142e-05	3.80887e-05	3.80751e-05	3.8048e-05	3.80317e-05	3.80219e-05	3.80164e-05	3.80123e-05	3.80098e-05	3.80072e-05	3.80055e-05	3.80034e-05	3.8002e-05	3.8e-05	3.79987e-05	3.79968e-05	3.79956e-05	3.7994e-05	3.79934e-05	3.7993e-05	3.79949e-05	3.8e-05	3.80145e-05	3.80521e-05	3.81633e-05	3.85435e-05	3.92163e-05	2.66062e-05	9.20878e-06	5.42728e-06	6.22057e-06	6.43208e-06	6.50153e-06	6.5295e-06	6.547e-06	6.56489e-06	6.59087e-06	6.60195e-06	6.22638e-06	4.14559e-06	3.12814e-05	1.41448e-06	-3.02193e-05	-3.26748e-05	-3.15734e-05
-1.19502e-06	1.45765e-06	3.23574e-05	6.24876e-05	3.56741e-05	3.77141e-05	3.80886e-05	3.80749e-05	3.80478e-05	3.80314e-05	3.80216e-05	3.8016e-05	3.80118e-05	3.80093e-05	3.80066e-05	3.80048e-05	3.80025e-05	3.80009e-05	3.79986e-05	3.79968e-05	3.79943e-05	3.79923e-05	3.79893e-05	3.79866e-05	3.79827e-05	3.79785e-05	3.79717e-05	3.79617e-05	3.79421e-05	3.78993e-05	3.77823e-05	3.73978e-05	3.67335e-05	4.92932e-05	6.66326e-05	7.04168e-05	6.96215e-05	6.94068e-05	6.93379e-05	6.93159e-05	6.93153e-05	6.93314e-05	6.93372e-05	6.89605e-05	6.68472e-05	9.39623e-05	6.42106e-05	3.25263e-05	3.00477e-05	3.11573e-05
-1.19497e-06	1.45771e-06	3.23574e-05	6.24877e-05	3.56742e-05	3.77142e-05	3.80887e-05	3.8075e-05	3.8048e-05	3.80317e-05	3.80218e-05	3.80163e-05	3.80122e-05	3.80097e-05	3.80071e-05	3.80054e-05	3.80033e-05	3.80018e-05	3.79997e-05	3.79983e-05	3.79962e-05	3.79947e-05	3.79926e-05	3.79913e-05	3.79895e-05	3.79888e-05	3.79882e-05	3.799e-05	3.79948e-05	3.80092e-05	3.80466e-05	3.81578e-05	3.85379e-05	3.92108e-05	2.66004e-05	9.2028e-06	5.42195e-06	6.21679e-06	6.43125e-06	6.50634e-06	6.54503e-06	6.57959e-06	6.59462e-06	6.22119e-06	4.13881e-06	3.12732e-05	1.41622e-06	-3.02205e-05	-3.26781e-05	-3.15759e-05
-1.19502e-06	1.45766e-06	3.23574e-05	6.24876e-05	3.56741e-05	3.77141e-05	3.80886e-05	3.80749e-05	3.80478e-05	3.80315e-05	3.80216e-05	3.80161e-05	3.80119e-05	3.80093e-05	3.80067e-05	3.80049e-05	3.80027e-05	3.80011e-05	3.79988e-05	3.79971e-05	3.79947e-05	3.79929e-05	3.79902e-05	3.7988e-05	3.79849e-05	3.7982e-05	3.79779e-05	3.79735e-05	3.79666e-05	3.79564e-05	3.79366e-05	3.78937e-05	3.77767e-05	3.73923e-05	3.67281e-05	4.92887e-05	6.66295e-05	7.04154e-05	6.9623e-05	6.9414e-05	6.93559e-05	6.93511e-05	6.93483e-05	6.89675e-05	6.68548e-05	9.39709e-05	6.4209e-05	3.25274e-05	3.00508e-05	3.11596e-05
-1.19498e-06	1.45771e-06	3.23574e-05	6.24877e-05	3.56742e-05	3.77142e-05	3.80887e-05	3.8075e-05	3.80479e-05	3.80316e-05	3.80218e-05	3.80163e-05	3.80122e-05	3.80096e-05	3.8007e-05	3.80053e-05	3.80032e-05	3.80017e-05	3.79995e-05	3.7998e-05	3.79959e-05	3.79943e-05	3.7992e-05	3.79904e-05	3.79882e-05	3.79866e-05	3.79847e-05	3.79838e-05	3.79831e-05	3.79847e-05	3.79894e-05	3.80037e-05	3.80411e-05	3.81523e-05	3.85326e-05	3.92059e-05	2.65959e-05	9.19917e-06	5.4211e-06	6.22161e-06	6.4468e-06	6.53898e-06	6.57487e-06	6.21028e-06	4.12928e-06	3.12636e-05	1.41736e-06	-3.02219e-05	-3.26812e-05	-3.15781e-05
-1.19501e-06	1.45766e-06	3.23574e-05	6.24876e-05	3.56741e-05	3.77141e-05	3.80886e-05	3.80749e-05	3.80478e-05	3.80315e-05	3.80216e-05	3.80161e-05	3.80119e-05	3.80094e-05	3.80067e-05	3.8005e-05	3.80027e-05	3.80012e-05	3.7999e-05	3.79973e-05	3.7995e-05	3.79932e-05	3.79906e-05	3.79886e-05	3.79857e-05	3.79833e-05	3.798e-05	3.7977e-05	3.79728e-05	3.79682e-05	3.79611e-05	3.79509e-05	3.79311e-05	3.78882e-05	3.77714e-05	3.73874e-05	3.6724e-05	4.92865e-05	6.6631e-05	7.04226e-05	6.96411e-05	6.94493e-05	6.93889e-05	6.8987e-05	6.68682e-05	9.39822e-05	6.42088e-05	3.25292e-05	3.00541e-05	3.11617e-05
-1.19498e-06	1.45771e-06	3.23574e-05	6.24877e-05	3.56742e-05	3.77142e-05	3.80887e-05	3.8075e-05	3.80479e-05	3.80316e-05	3.80218e-05	3.80163e-05	3.80121e-05	3.80096e-05	3.8007e-05	3.80053e-05	3.80031e-05	3.80016e-05	3.79994e-05	3.79979e-05	3.79957e-05	3.79941e-05	3.79917e-05	3.799e-05	3.79876e-05	3.79858e-05	3.79834e-05	3.79817e-05	3.79795e-05	3.79785e-05	3.79776e-05	3.79791e-05	3.79838e-05	3.79981e-05	3.80357e-05	3.81473e-05	3.85285e-05	3.92034e-05	2.65959e-05	9.2042e-06	5.43669e-06	6.25431e-06	6.47678e-06	6.17007e-06	4.10748e-06	3.12486e-05	1.41599e-06	-3.02244e-05	-3.26846e-05	-3.15801e-05
-1.19501e-06	1.45767e-06	3.23574e-05	6.24876e-05	3.56742e-05	3.77141e-05	3.80886e-05	3.80749e-05	3.80478e-05	3.80315e-05	3.80216e-05	3.80161e-05	3.8012e-05	3.80094e-05	3.80068e-05	3.8005e-05	3.80028e-05	3.80012e-05	3.7999e-05	3.79974e-05	3.79951e-05	3.79933e-05	3.79908e-05	3.79889e-05	3.79861e-05	3.79839e-05	3.79809e-05	3.79783e-05	3.79749e-05	3.79717e-05	3.79673e-05	3.79627e-05	3.79556e-05	3.79454e-05	3.79257e-05	3.78833e-05	3.77672e-05	3.73848e-05	3.67244e-05	4.92931e-05	6.66488e-05	7.04578e-05	6.96738e-05	6.90846e-05	6.69105e-05	9.40054e-05	6.42136e-05	3.25331e-05	3.00578e-05	3.11635e-05
-1.19498e-06	1.4577e-06	3.23574e-05	6.24877e-05	3.56742e-05	3.77142e-05	3.80887e-05	3.8075e-05	3.80479e-05	3.80316e-05	3.80218e-05	3.80163e-05	3.80121e-05	3.80096e-05	3.8007e-05	3.80053e-05	3.80031e-05	3.80015e-05	3.79994e-05	3.79978e-05	3.79956e-05	3.79939e-05	3.79916e-05	3.79898e-05	3.79873e-05	3.79853e-05	3.79828e-05	3.79808e-05	3.79782e-05	3.79764e-05	3.79741e-05	3.79729e-05	3.79721e-05	3.79736e-05	3.79785e-05	3.79932e-05	3.80316e-05	3.81448e-05	3.85289e-05	3.92095e-05	2.66124e-05	9.23716e-06	5.46671e-06	5.88572e-06	4.008e-06	3.12054e-05	1.40332e-06	-3.02316e-05	-3.26893e-05	-3.15819e-05
-1.19501e-06	1.45767e-06	3.23574e-05	6.24876e-05	3.56742e-05	3.77141e-05	3.80886e-05	3.80749e-05	3.80478e-05	3.80315e-05	3.80217e-05	3.80161e-05	3.8012e-05	3.80094e-05	3.80068e-05	3.80051e-05	3.80028e-05	3.80013e-05	3.79991e-05	3.79975e-05	3.79952e-05	3.79934e-05	3.7991e-05	3.7989e-05	3.79864e-05	3.79842e-05	3.79813e-05	3.79789e-05	3.79758e-05	3.7973e-05	3.79694e-05	3.79662e-05	3.79618e-05	3.79571e-05	3.79502e-05	3.79404e-05	3.79216e-05	3.78807e-05	3.77676e-05	3.73908e-05	3.67412e-05	4.93277e-05	6.66813e-05	7.00923e-05	6.71942e-05	9.41028e-05	6.42442e-05	3.25462e-05	3.0063e-05	3.1164e-05
-1.19498e-06	1.4577e-06	3.23574e-05	6.24877e-05	3.56742e-05	3.77142e-05	3.80887e-05	3.8075e-05	3.80479e-05	3.80316e-05	3.80217e-05	3.80163e-05	3.80121e-05	3.80096e-05	3.80069e-05	3.80052e-05	3.8003e-05	3.80015e-05	3.79993e-05	3.79978e-05	3.79955e-05	3.79939e-05	3.79915e-05	3.79896e-05	3.79871e-05	3.79851e-05	3.79825e-05	3.79804e-05	3.79776e-05	3.79755e-05	3.79728e-05	3.79708e-05	3.79686e-05	3.79674e-05	3.79667e-05	3.79687e-05	3.79744e-05	3.79907e-05	3.8032e-05	3.81509e-05	3.85458e-05	3.9244e-05	2.66443e-05	8.86923e-06	3.00622e-06	3.09291e-05	1.32031e-06	-3.02617e-05	-3.26979e-05	-3.15816e-05
-1.19501e-06	1.45767e-06	3.23574e-05	6.24876e-05	3.56742e-05	3.77141e-05	3.80886e-05	3.80749e-05	3.80478e-05	3.80315e-05	3.80217e-05	3.80162e-05	3.8012e-05	3.80094e-05	3.80068e-05	3.80051e-05	3.80028e-05	3.80013e-05	3.79991e-05	3.79975e-05	3.79952e-05	3.79935e-05	3.7991e-05	3.79891e-05	3.79865e-05	3.79844e-05	3.79815e-05	3.79792e-05	3.79762e-05	3.79736e-05	3.79703e-05	3.79675e-05	3.79638e-05	3.79606e-05	3.79564e-05	3.79521e-05	3.7946e-05	3.79377e-05	3.79218e-05	3.78865e-05	3.77842e-05	3.74245e-05	3.67731e-05	4.89614e-05	6.43131e-05	9.50542e-05	6.44781e-05	3.26039e-05	3.00603e-05	3.11424e-05
-1.19498e-06	1.4577e-06	3.23574e-05	6.24877e-05	3.56742e-05	3.77142e-05	3.80887e-05	3.8075e-05	3.80479e-05	3.80316e-05	3.80217e-05	3.80163e-05	3.80121e-05	3.80096e-05	3.80069e-05	3.80052e-05	3.8003e-05	3.80015e-05	3.79993e-05	3.79978e-05	3.79955e-05	3.79938e-05	3.79914e-05	3.79896e-05	3.7987e-05	3.7985e-05	3.79823e-05	3.79802e-05	3.79774e-05	3.79751e-05	3.79723e-05	3.797e-05	3.79673e-05	3.79654e-05	3.79634e-05	3.79627e-05	3.79628e-05	3.79664e-05	3.79751e-05	3.79971e-05	3.80494e-05	3.81857e-05	3.85788e-05	3.88813e-05	2.39825e-05	3.33587e-05	3.45642e-07	-3.05519e-05	-3.27961e-05	-3.16341e-05
-1.19501e-06	1.45767e-06	3.23574e-05	6.24876e-05	3.56742e-05	3.77141e-05	3.80886e-05	3.80749e-05	3.80478e-05	3.80315e-05	3.80216e-05	3.80161e-05	3.8012e-05	3.80094e-05	3.80068e-05	3.80051e-05	3.80028e-05	3.80013e-05	3.79991e-05	3.79975e-05	3.79952e-05	3.79935e-05	3.7991e-05	3.79891e-05	3.79865e-05	3.79844e-05	3.79816e-05	3.79793e-05	3.79763e-05	3.79738e-05	3.79706e-05	3.79679e-05	3.79645e-05	3.79617e-05	3.79582e-05	3.79553e-05	3.79518e-05	3.7949e-05	3.79456e-05	3.79427e-05	3.79371e-05	3.79182e-05	3.78114e-05	3.70477e-05	3.42958e-05	7.46285e-05	6.25658e-05	3.3629e-05	3.03735e-05	3.13278e-05
-1.26849e-06	1.16376e-06	3.13201e-05	6.46937e-05	5.55328e-05	7.02352e-05	6.99503e-05	6.95509e-05	6.94091e-05	6.93515e-05	6.93243e-05	6.93103e-05	6.93014e-05	6.92958e-05	6.9291e-05	6.92875e-05	6.92837e-05	6.92807e-05	6.92771e-05	6.92741e-05	6.92703e-05	6.9267e-05	6.9263e-05	6.92595e-05	6.92551e-05	6.92513e-05	6.92466e-05	6.92424e-05	6.92374e-05	6.9233e-05	6.92276e-05	6.92229e-05	6.92174e-05	6.92126e-05	6.92071e-05	6.92025e-05	6.91976e-05	6.91944e-05	6.91923e-05	6.91945e-05	6.92028e-05	6.92215e-05	6.92256e-05	6.88388e-05	6.66842e-05	9.39694e-05	6.41247e-05	3.22722e-05	2.99445e-05	3.10266e-05
-1.16067e-06	1.56806e-06	3.26721e-05	6.35883e-05	3.30921e-05	1.77872e-05	5.50991e-06	6.14117e-06	6.4992e-06	6.59789e-06	6.62917e-06	6.64104e-06	6.64532e-06	6.64751e-06	6.6479e-06	6.64836e-06	6.64792e-06	6.64793e-06	6.64724e-06	6.6471e-06	6.6463e-06	6.64608e-06	6.64521e-06	6.64493e-06	6.64403e-06	6.64371e-06	6.64278e-06	6.64244e-06	6.6415e-06	6.64116e-06	6.64025e-06	6.63998e-06	6.63919e-06	6.63913e-06	6.63869e-06	6.63921e-06	6.63975e-06	6.64199e-06	6.64568e-06	6.65382e-06	6.6686e-06	6.69452e-06	6.70845e-06	6.34362e-06	4.30169e-06	3.12702e-05	1.501e-06	-2.99711e-05	-3.25753e-05	-3.14465e-05
-1.21282e-06	1.40917e-06	3.2241e-05	6.21578e-05	3.45438e-05	4.02754e-05	5.79835e-05	7.06192e-05	6.9928e-05	6.95259e-05	6.94014e-05	6.93548e-05	6.93333e-05	6.93223e-05	6.9315e-05	6.93103e-05	6.93059e-05	6.93026e-05	6.92988e-05	6.92958e-05	6.92921e-05	6.92889e-05	6.9285e-05	6.92816e-05	6.92774e-05	6.92737e-05	6.92691e-05	6.92652e-05	6.92603e-05	6.9256e-05	6.92508e-05	6.92463e-05	6.92409e-05	6.92363e-05	6.92309e-05	6.92265e-05	6.92218e-05	6.92187e-05	6.92168e-05	6.92192e-05	6.92276e-05	6.92466e-05	6.92509e-05	6.88646e-05	6.67128e-05	9.39909e-05	6.41472e-05	3.23035e-05	2.99698e-05	3.10529e-05
-1.18489e-06	1.48185e-06	3.24082e-05	6.26086e-05	3.60112e-05	3.88397e-05	3.54927e-05	1.81304e-05	5.44619e-06	6.07302e-06	6.44797e-06	6.55734e-06	6.59424e-06	6.60904e-06	6.61485e-06	6.61782e-06	6.61861e-06	6.61923e-06	6.61883e-06	6.61879e-06	6.61801e-06	6.61773e-06	6.61678e-06	6.61639e-06	6.61536e-06	6.6149e-06	6.61382e-06	6.61333e-06	6.61223e-06	6.61175e-06	6.61067e-06	6.61024e-06	6.60929e-06	6.60907e-06	6.60847e-06	6.60882e-06	6.6092e-06	6.61127e-06	6.6148e-06	6.62277e-06	6.63738e-06	6.6631e-06	6.67679e-06	6.31141e-06	4.26674e-06	3.12426e-05	1.47193e-06	-3.0009e-05	-3.26069e-05	-3.14792e-05
-1.20113e-06	1.44442e-06	3.23322e-05	6.24352e-05	3.55512e-05	3.7379e-05	3.69636e-05	4.06432e-05	5.79509e-05	7.05836e-05	6.99093e-05	6.9518e-05	6.93992e-05	6.93556e-05	6.93356e-05	6.93255e-05	6.93185e-05	6.9314e-05	6.93097e-05	6.93063e-05	6.93025e-05	6.92993e-05	6.92955e-05	6.92922e-05	6.9288e-05	6.92845e-05	6.92801e-05	6.92762e-05	6.92715e-05	6.92674e-05	6.92624e-05	6.9258e-05	6.92528e-05	6.92483e-05	6.92431e-05	6.92388e-05	6.92343e-05	6.92314e-05	6.92296e-05	6.92322e-05	6.92408e-05	6.926e-05	6.92645e-05	6.88788e-05	6.67297e-05	9.40004e-05	6.41582e-05	3.23234e-05	2.99834e-05	3.10676e-05
-1.19105e-06	1.46554e-06	3.23712e-05	6.25136e-05	3.57273e-05	3.78364e-05	3.84237e-05	3.91984e-05	3.545e-05	1.80845e-05	5.41675e-06	6.05423e-06	6.43484e-06	6.54718e-06	6.58563e-06	6.60123e-06	6.60745e-06	6.61061e-06	6.61144e-06	6.61202e-06	6.61153e-06	6.61136e-06	6.61043e-06	6.60998e-06	6.60886e-06	6.6083e-06	6.60709e-06	6.60646e-06	6.60522e-06	6.60458e-06	6.60335e-06	6.60277e-06	6.60166e-06	6.60128e-06	6.60051e-06	6.6007e-06	6.60091e-06	6.60282e-06	6.60618e-06	6.61398e-06	6.62842e-06	6.65395e-06	6.66738e-06	6.30145e-06	4.254e-06	3.12374e-05	1.46518e-06	-3.00248e-05	-3.26163e-05	-3.14896e-05
-1.19764e-06	1.45274e-06	3.23493e-05	6.24735e-05	3.5648e-05	3.76613e-05	3.79665e-05	3.77406e-05	3.69237e-05	4.0601e-05	5.79266e-05	7.05705e-05	6.99017e-05	6.95135e-05	6.93962e-05	6.93534e-05	6.93338e-05	6.93239e-05	6.9317e-05	6.93124e-05	6.9308e-05	6.93045e-05	6.93005e-05	6.92972e-05	6.92931e-05	6.92897e-05	6.92854e-05	6.92817e-05	6.92771e-05	6.92731e-05	6.92682e-05	6.9264e-05	6.9259e-05	6.92546e-05	6.92496e-05	6.92455e-05	6.92411e-05	6.92384e-05	6.92368e-05	6.92395e-05	6.92483e-05	6.92676e-05	6.92724e-05	6.88873e-05	6.6741e-05	9.40042e-05	6.41634e-05	3.23377e-05	2.99913e-05	3.10766e-05
-1.19315e-06	1.46095e-06	3.23625e-05	6.2496e-05	3.56885e-05	3.77402e-05	3.81414e-05	3.81969e-05	3.83825e-05	3.91546e-05	3.54233e-05	1.80681e-05	5.40549e-06	6.04592e-06	6.42809e-06	6.54123e-06	6.58009e-06	6.59586e-06	6.60212e-06	6.60523e-06	6.60597e-06	6.60642e-06	6.60577e-06	6.60544e-06	6.60434e-06	6.60372e-06	6.60243e-06	6.60169e-06	6.60032e-06	6.59954e-06	6.59817e-06	6.59743e-06	6.59617e-06	6.59563e-06	6.59471e-06	6.59473e-06	6.59478e-06	6.59653e-06	6.59972e-06	6.60735e-06	6.62161e-06	6.64695e-06	6.66013e-06	6.29365e-06	4.24342e-06	3.12342e-05	1.46058e-06	-3.00383e-05	-3.26235e-05	-3.14979e-05
-1.19632e-06	1.45544e-06	3.2354e-05	6.24824e-05	3.56657e-05	3.76999e-05	3.80626e-05	3.80223e-05	3.79259e-05	3.76974e-05	3.68977e-05	4.05861e-05	5.79179e-05	7.05652e-05	6.9898e-05	6.95105e-05	6.93937e-05	6.9351e-05	6.93315e-05	6.93215e-05	6.93146e-05	6.93099e-05	6.93053e-05	6.93017e-05	6.92975e-05	6.9294e-05	6.92897e-05	6.92861e-05	6.92816e-05	6.92778e-05	6.92731e-05	6.9269e-05	6.92641e-05	6.92599e-05	6.9255e-05	6.92511e-05	6.92469e-05	6.92443e-05	6.92428e-05	6.92457e-05	6.92547e-05	6.92743e-05	6.92793e-05	6.88947e-05	6.67512e-05	9.40069e-05	6.41676e-05	3.23509e-05	2.99982e-05	3.10845e-05
-1.19402e-06	1.45929e-06	3.23597e-05	6.24911e-05	3.56795e-05	3.77226e-05	3.81029e-05	3.8101e-05	3.81006e-05	3.81534e-05	3.83562e-05	3.91391e-05	3.54134e-05	1.80606e-05	5.39908e-06	6.04032e-06	6.42289e-06	6.53621e-06	6.57511e-06	6.59085e-06	6.59702e-06	6.6e-06	6.60059e-06	6.60087e-06	6.60006e-06	6.59955e-06	6.59827e-06	6.59748e-06	6.59603e-06	6.59514e-06	6.59364e-06	6.59276e-06	6.59136e-06	6.59067e-06	6.58959e-06	6.58946e-06	6.58935e-06	6.59093e-06	6.59396e-06	6.60142e-06	6.6155e-06	6.64065e-06	6.65358e-06	6.28654e-06	4.23353e-06	3.12318e-05	1.4567e-06	-3.00512e-05	-3.26301e-05	-3.15055e-05
-1.19573e-06	1.45651e-06	3.23557e-05	6.24853e-05	3.56707e-05	3.77089e-05	3.80802e-05	3.80608e-05	3.80219e-05	3.79789e-05	3.78998e-05	3.76821e-05	3.6888e-05	4.05795e-05	5.79135e-05	7.05621e-05	6.98953e-05	6.9508e-05	6.93912e-05	6.93485e-05	6.93289e-05	6.93188e-05	6.93116e-05	6.93068e-05	6.9302e-05	6.92982e-05	6.92939e-05	6.92902e-05	6.92858e-05	6.9282e-05	6.92774e-05	6.92734e-05	6.92687e-05	6.92646e-05	6.92599e-05	6.92561e-05	6.92521e-05	6.92497e-05	6.92484e-05	6.92514e-05	6.92606e-05	6.92803e-05	6.92856e-05	6.89015e-05	6.67608e-05	9.40091e-05	6.41713e-05	3.23636e-05	3.00045e-05	3.10918e-05
-1.19443e-06	1.45856e-06	3.23586e-05	6.24894e-05	3.56766e-05	3.77177e-05	3.80939e-05	3.80834e-05	3.80621e-05	3.80575e-05	3.80744e-05	3.8138e-05	3.83466e-05	3.91324e-05	3.54082e-05	1.80555e-05	5.39394e-06	6.03536e-06	6.41798e-06	6.53126e-06	6.57006e-06	6.58567e-06	6.59169e-06	6.5945e-06	6.59492e-06	6.59503e-06	6.59404e-06	6.59336e-06	6.59192e-06	6.59098e-06	6.58939e-06	6.58841e-06	6.58687e-06	6.58604e-06	6.58482e-06	6.58453e-06	6.58427e-06	6.58569e-06	6.58856e-06	6.59585e-06	6.60977e-06	6.63472e-06	6.6474e-06	6.27981e-06	4.22402e-06	3.12298e-05	1.45318e-06	-3.00637e-05	-3.26362e-05	-3.15128e-05
-1.19544e-06	1.45701e-06	3.23565e-05	6.24864e-05	3.56725e-05	3.77117e-05	3.80851e-05	3.80697e-05	3.80395e-05	3.80174e-05	3.79957e-05	3.79635e-05	3.78901e-05	3.76754e-05	3.68829e-05	4.05753e-05	5.79103e-05	7.05595e-05	6.98928e-05	6.95054e-05	6.93885e-05	6.93457e-05	6.93259e-05	6.93156e-05	6.93083e-05	6.93033e-05	6.92984e-05	6.92944e-05	6.92899e-05	6.92861e-05	6.92815e-05	6.92777e-05	6.9273e-05	6.92691e-05	6.92645e-05	6.92609e-05	6.9257e-05	6.92547e-05	6.92536e-05	6.92568e-05	6.92661e-05	6.92861e-05	6.92916e-05	6.89081e-05	6.67701e-05	9.40109e-05	6.41746e-05	3.23759e-05	3.00104e-05	3.10989e-05
-1.19464e-06	1.45821e-06	3.23581e-05	6.24886e-05	3.56754e-05	3.77159e-05	3.80911e-05	3.80785e-05	3.80532e-05	3.804e-05	3.80359e-05	3.80422e-05	3.80647e-05	3.81313e-05	3.83414e-05	3.91281e-05	3.54041e-05	1.8051e-05	5.38903e-06	6.03041e-06	6.41294e-06	6.52608e-06	6.56474e-06	6.58018e-06	6.58603e-06	6.58867e-06	6.58892e-06	6.58886e-06	6.5877e-06	6.58688e-06	6.5853e-06	6.58427e-06	6.58265e-06	6.5817e-06	6.58035e-06	6.57993e-06	6.57952e-06	6.58079e-06	6.5835e-06	6.59063e-06	6.60438e-06	6.62914e-06	6.64157e-06	6.27343e-06	4.21486e-06	3.12281e-05	1.45002e-06	-3.00759e-05	-3.2642e-05	-3.15196e-05
-1.19528e-06	1.45727e-06	3.23569e-05	6.24869e-05	3.56732e-05	3.77129e-05	3.80869e-05	3.80725e-05	3.80444e-05	3.80263e-05	3.80133e-05	3.8002e-05	3.7986e-05	3.79568e-05	3.7885e-05	3.7671e-05	3.6879e-05	4.05717e-05	5.79074e-05	7.0557e-05	6.98901e-05	6.95026e-05	6.93856e-05	6.93426e-05	6.93227e-05	6.93122e-05	6.93047e-05	6.92995e-05	6.92944e-05	6.92903e-05	6.92857e-05	6.92818e-05	6.92772e-05	6.92733e-05	6.92689e-05	6.92654e-05	6.92616e-05	6.92595e-05	6.92585e-05	6.92619e-05	6.92714e-05	6.92915e-05	6.92973e-05	6.89143e-05	6.67791e-05	9.40124e-05	6.41775e-05	3.23879e-05	3.00161e-05	3.11056e-05
-1.19476e-06	1.45802e-06	3.23578e-05	6.24882e-05	3.56749e-05	3.77151e-05	3.80899e-05	3.80767e-05	3.80503e-05	3.80351e-05	3.8027e-05	3.80246e-05	3.80262e-05	3.80355e-05	3.80596e-05	3.81269e-05	3.83375e-05	3.91244e-05	3.54002e-05	1.80465e-05	5.38397e-06	6.02523e-06	6.40761e-06	6.5206e-06	6.55909e-06	6.57436e-06	6.58003e-06	6.5825e-06	6.58259e-06	6.58238e-06	6.5811e-06	6.58017e-06	6.57856e-06	6.57757e-06	6.57613e-06	6.5756e-06	6.57506e-06	6.57619e-06	6.57875e-06	6.58573e-06	6.59931e-06	6.62389e-06	6.63607e-06	6.26738e-06	4.20603e-06	3.12268e-05	1.4472e-06	-3.00877e-05	-3.26475e-05	-3.15261e-05
-1.19519e-06	1.45741e-06	3.23571e-05	6.24872e-05	3.56736e-05	3.77134e-05	3.80877e-05	3.80737e-05	3.80461e-05	3.80291e-05	3.80182e-05	3.80109e-05	3.80036e-05	3.79953e-05	3.79809e-05	3.79525e-05	3.7881e-05	3.76673e-05	3.68752e-05	4.0568e-05	5.79042e-05	7.05542e-05	6.98871e-05	6.94995e-05	6.93823e-05	6.93391e-05	6.9319e-05	6.93084e-05	6.93007e-05	6.92954e-05	6.92901e-05	6.92859e-05	6.92813e-05	6.92774e-05	6.9273e-05	6.92696e-05	6.92659e-05	6.92639e-05	6.92631e-05	6.92666e-05	6.92763e-05	6.92965e-05	6.93026e-05	6.89202e-05	6.67878e-05	9.40136e-05	6.41802e-05	3.23995e-05	3.00213e-05	3.11119e-05
-1.19484e-06	1.45791e-06	3.23577e-05	6.2488e-05	3.56746e-05	3.77147e-05	3.80894e-05	3.80759e-05	3.80492e-05	3.80333e-05	3.80241e-05	3.80197e-05	3.80173e-05	3.80179e-05	3.80211e-05	3.80312e-05	3.80556e-05	3.81232e-05	3.83338e-05	3.91206e-05	3.53963e-05	1.80418e-05	5.37866e-06	6.01976e-06	6.40197e-06	6.51479e-06	6.5531e-06	6.5682e-06	6.57372e-06	6.57604e-06	6.57599e-06	6.57568e-06	6.57436e-06	6.57348e-06	6.57206e-06	6.57147e-06	6.57084e-06	6.57186e-06	6.5743e-06	6.58113e-06	6.59455e-06	6.61895e-06	6.6309e-06	6.26166e-06	4.19753e-06	3.12258e-05	1.44471e-06	-3.00992e-05	-3.26526e-05	-3.15323e-05
-1.19513e-06	1.4575e-06	3.23572e-05	6.24874e-05	3.56738e-05	3.77137e-05	3.80881e-05	3.80742e-05	3.80469e-05	3.80303e-05	3.802e-05	3.80138e-05	3.80085e-05	3.80042e-05	3.79984e-05	3.79909e-05	3.79769e-05	3.79487e-05	3.78773e-05	3.76635e-05	3.68714e-05	4.05642e-05	5.79008e-05	7.05511e-05	6.98839e-05	6.9496e-05	6.93787e-05	6.93353e-05	6.93151e-05	6.93043e-05	6.92965e-05	6.92911e-05	6.92858e-05	6.92816e-05	6.92771e-05	6.92736e-05	6.927e-05	6.92681e-05	6.92674e-05	6.92711e-05	6.92809e-05	6.93013e-05	6.93077e-05	6.89257e-05	6.67961e-05	9.40144e-05	6.41825e-05	3.24109e-05	3.00263e-05	3.11179e-05
-1.19488e-06	1.45784e-06	3.23576e-05	6.24879e-05	3.56745e-05	3.77145e-05	3.80891e-05	3.80755e-05	3.80486e-05	3.80325e-05	3.8023e-05	3.80179e-05	3.80145e-05	3.8013e-05	3.80122e-05	3.80136e-05	3.80172e-05	3.80274e-05	3.80519e-05	3.81195e-05	3.83299e-05	3.91167e-05	3.5392e-05	1.80368e-05	5.37302e-06	6.01395e-06	6.39599e-06	6.50863e-06	6.54679e-06	6.56174e-06	6.56712e-06	6.56934e-06	6.56926e-06	6.56899e-06	6.56785e-06	6.56738e-06	6.56677e-06	6.56774e-06	6.57008e-06	6.5768e-06	6.59008e-06	6.61432e-06	6.62603e-06	6.25625e-06	4.18935e-06	3.12251e-05	1.44256e-06	-3.01103e-05	-3.26574e-05	-3.15382e-05
-1.19509e-06	1.45755e-06	3.23572e-05	6.24875e-05	3.56739e-05	3.77138e-05	3.80883e-05	3.80745e-05	3.80473e-05	3.80308e-05	3.80207e-05	3.80149e-05	3.80103e-05	3.8007e-05	3.80033e-05	3.79998e-05	3.79945e-05	3.79872e-05	3.79732e-05	3.7945e-05	3.78734e-05	3.76595e-05	3.68672e-05	4.056e-05	5.78971e-05	7.05476e-05	6.98802e-05	6.94922e-05	6.93747e-05	6.93312e-05	6.93108e-05	6.92999e-05	6.92921e-05	6.92867e-05	6.92816e-05	6.92779e-05	6.92741e-05	6.92722e-05	6.92716e-05	6.92753e-05	6.92853e-05	6.93059e-05	6.93124e-05	6.8931e-05	6.68042e-05	9.4015e-05	6.41845e-05	3.24219e-05	3.0031e-05	3.11237e-05
-1.19491e-06	1.4578e-06	3.23575e-05	6.24878e-05	3.56744e-05	3.77144e-05	3.80889e-05	3.80753e-05	3.80483e-05	3.80321e-05	3.80225e-05	3.80172e-05	3.80133e-05	3.80113e-05	3.80093e-05	3.80087e-05	3.80083e-05	3.80098e-05	3.80135e-05	3.80237e-05	3.80481e-05	3.81155e-05	3.83258e-05	3.91124e-05	3.53874e-05	1.80314e-05	5.36703e-06	6.00779e-06	6.38968e-06	6.50216e-06	6.54019e-06	6.55504e-06	6.56038e-06	6.56265e-06	6.56275e-06	6.56289e-06	6.56256e-06	6.56364e-06	6.56599e-06	6.57265e-06	6.58584e-06	6.60994e-06	6.62143e-06	6.25113e-06	4.18146e-06	3.12247e-05	1.44071e-06	-3.01212e-05	-3.26619e-05	-3.15437e-05
-1.19507e-06	1.45759e-06	3.23573e-05	6.24875e-05	3.5674e-05	3.77139e-05	3.80884e-05	3.80747e-05	3.80475e-05	3.80311e-05	3.80211e-05	3.80154e-05	3.80111e-05	3.80082e-05	3.80051e-05	3.80027e-05	3.79994e-05	3.79961e-05	3.79908e-05	3.79834e-05	3.79693e-05	3.7941e-05	3.78693e-05	3.76552e-05	3.68627e-05	4.05555e-05	5.7893e-05	7.05438e-05	6.98763e-05	6.94881e-05	6.93704e-05	6.93269e-05	6.93064e-05	6.92956e-05	6.92879e-05	6.9283e-05	6.92786e-05	6.92764e-05	6.92757e-05	6.92794e-05	6.92894e-05	6.93101e-05	6.93169e-05	6.8936e-05	6.68119e-05	9.40152e-05	6.41862e-05	3.24326e-05	3.00353e-05	3.1129e-05
-1.19493e-06	1.45777e-06	3.23575e-05	6.24878e-05	3.56743e-05	3.77143e-05	3.80889e-05	3.80752e-05	3.80482e-05	3.80319e-05	3.80222e-05	3.80168e-05	3.80128e-05	3.80105e-05	3.80082e-05	3.80069e-05	3.80054e-05	3.80049e-05	3.80046e-05	3.80061e-05	3.80096e-05	3.80197e-05	3.8044e-05	3.81112e-05	3.83213e-05	3.91077e-05	3.53825e-05	1.80257e-05	5.36069e-06	6.00131e-06	6.38306e-06	6.49545e-06	6.53344e-06	6.54833e-06	6.55386e-06	6.55653e-06	6.55745e-06	6.55914e-06	6.56178e-06	6.56854e-06	6.58173e-06	6.60575e-06	6.61707e-06	6.24627e-06	4.17385e-06	3.12246e-05	1.43916e-06	-3.01317e-05	-3.2666e-05	-3.15489e-05
-1.19505e-06	1.45761e-06	3.23573e-05	6.24876e-05	3.56741e-05	3.7714e-05	3.80885e-05	3.80748e-05	3.80476e-05	3.80312e-05	3.80213e-05	3.80157e-05	3.80114e-05	3.80087e-05	3.80059e-05	3.80038e-05	3.80012e-05	3.79989e-05	3.79957e-05	3.79923e-05	3.79869e-05	3.79794e-05	3.79652e-05	3.79367e-05	3.78648e-05	3.76506e-05	3.68579e-05	4.05506e-05	5.78886e-05	7.05397e-05	6.9872e-05	6.94838e-05	6.9366e-05	6.93225e-05	6.93023e-05	6.92918e-05	6.9285e-05	6.92815e-05	6.92802e-05	6.92836e-05	6.92935e-05	6.93142e-05	6.93211e-05	6.89407e-05	6.68194e-05	9.40151e-05	6.41875e-05	3.2443e-05	3.00392e-05	3.1134e-05
-1.19495e-06	1.45775e-06	3.23575e-05	6.24878e-05	3.56743e-05	3.77143e-05	3.80888e-05	3.80751e-05	3.80481e-05	3.80318e-05	3.8022e-05	3.80166e-05	3.80125e-05	3.80101e-05	3.80076e-05	3.80061e-05	3.80042e-05	3.80032e-05	3.80017e-05	3.80012e-05	3.80007e-05	3.80021e-05	3.80055e-05	3.80154e-05	3.80395e-05	3.81066e-05	3.83165e-05	3.91028e-05	3.53772e-05	1.80197e-05	5.35409e-06	5.99462e-06	6.37634e-06	6.48877e-06	6.52693e-06	6.54223e-06	6.54856e-06	6.55278e-06	6.55666e-06	6.56403e-06	6.5775e-06	6.6016e-06	6.61285e-06	6.24161e-06	4.16648e-06	3.12248e-05	1.4379e-06	-3.01419e-05	-3.26699e-05	-3.15538e-05
-1.19504e-06	1.45763e-06	3.23573e-05	6.24876e-05	3.56741e-05	3.7714e-05	3.80885e-05	3.80748e-05	3.80477e-05	3.80313e-05	3.80214e-05	3.80159e-05	3.80116e-05	3.8009e-05	3.80063e-05	3.80044e-05	3.80019e-05	3.80001e-05	3.79974e-05	3.79952e-05	3.79918e-05	3.79883e-05	3.79828e-05	3.79751e-05	3.79607e-05	3.7932e-05	3.786e-05	3.76456e-05	3.68527e-05	4.05455e-05	5.78839e-05	7.05354e-05	6.98676e-05	6.94794e-05	6.93619e-05	6.93188e-05	6.92993e-05	6.92904e-05	6.92865e-05	6.92887e-05	6.92981e-05	6.93185e-05	6.93254e-05	6.89453e-05	6.68267e-05	9.40149e-05	6.41887e-05	3.24531e-05	3.0043e-05	3.11388e-05
-1.19496e-06	1.45773e-06	3.23575e-05	6.24877e-05	3.56743e-05	3.77142e-05	3.80888e-05	3.80751e-05	3.8048e-05	3.80317e-05	3.80219e-05	3.80165e-05	3.80124e-05	3.80099e-05	3.80074e-05	3.80058e-05	3.80037e-05	3.80024e-05	3.80005e-05	3.79994e-05	3.79978e-05	3.79972e-05	3.79966e-05	3.79978e-05	3.8001e-05	3.80108e-05	3.80347e-05	3.81016e-05	3.83114e-05	3.90975e-05	3.53717e-05	1.80134e-05	5.34735e-06	5.98792e-06	6.36982e-06	6.48266e-06	6.52164e-06	6.53849e-06	6.54779e-06	6.55769e-06	6.57239e-06	6.59707e-06	6.60852e-06	6.23701e-06	4.15927e-06	3.12252e-05	1.43691e-06	-3.01519e-05	-3.26734e-05	-3.15584e-05
-1.19503e-06	1.45764e-06	3.23574e-05	6.24876e-05	3.56741e-05	3.77141e-05	3.80885e-05	3.80749e-05	3.80477e-05	3.80314e-05	3.80215e-05	3.8016e-05	3.80118e-05	3.80092e-05	3.80065e-05	3.80047e-05	3.80023e-05	3.80006e-05	3.79982e-05	3.79963e-05	3.79936e-05	3.79912e-05	3.79877e-05	3.7984e-05	3.79783e-05	3.79705e-05	3.79559e-05	3.7927e-05	3.78548e-05	3.76403e-05	3.68473e-05	4.05401e-05	5.7879e-05	7.05311e-05	6.98635e-05	6.94757e-05	6.93589e-05	6.93173e-05	6.93008e-05	6.92976e-05	6.93044e-05	6.93236e-05	6.933e-05	6.89501e-05	6.68339e-05	9.40144e-05	6.41896e-05	3.2463e-05	3.00464e-05	3.11432e-05
-1.19496e-06	1.45772e-06	3.23574e-05	6.24877e-05	3.56742e-05	3.77142e-05	3.80887e-05	3.80751e-05	3.8048e-05	3.80317e-05	3.80219e-05	3.80164e-05	3.80123e-05	3.80098e-05	3.80072e-05	3.80055e-05	3.80034e-05	3.8002e-05	3.8e-05	3.79986e-05	3.79967e-05	3.79954e-05	3.79937e-05	3.79929e-05	3.79921e-05	3.79932e-05	3.79962e-05	3.80058e-05	3.80296e-05	3.80963e-05	3.8306e-05	3.9092e-05	3.5366e-05	1.80072e-05	5.34082e-06	5.98181e-06	6.36452e-06	6.47891e-06	6.52085e-06	6.54337e-06	6.56349e-06	6.59068e-06	6.60328e-06	6.23199e-06	4.15192e-06	3.12256e-05	1.43604e-06	-3.01617e-05	-3.26767e-05	-3.15627e-05
-1.19502e-06	1.45765e-06	3.23574e-05	6.24876e-05	3.56741e-05	3.77141e-05	3.80886e-05	3.80749e-05	3.80478e-05	3.80314e-05	3.80216e-05	3.8016e-05	3.80118e-05	3.80093e-05	3.80066e-05	3.80048e-05	3.80025e-05	3.80009e-05	3.79986e-05	3.79969e-05	3.79944e-05	3.79923e-05	3.79895e-05	3.79869e-05	3.79832e-05	3.79794e-05	3.79735e-05	3.79655e-05	3.79508e-05	3.79217e-05	3.78494e-05	3.76348e-05	3.68417e-05	4.05347e-05	5.78744e-05	7.05273e-05	6.98605e-05	6.94742e-05	6.93604e-05	6.93245e-05	6.93187e-05	6.93325e-05	6.93364e-05	6.89557e-05	6.68415e-05	9.40141e-05	6.41904e-05	3.24727e-05	3.00495e-05	3.11474e-05
-1.19497e-06	1.45772e-06	3.23574e-05	6.24877e-05	3.56742e-05	3.77142e-05	3.80887e-05	3.8075e-05	3.8048e-05	3.80317e-05	3.80218e-05	3.80163e-05	3.80122e-05	3.80097e-05	3.80071e-05	3.80054e-05	3.80033e-05	3.80018e-05	3.79997e-05	3.79982e-05	3.79961e-05	3.79947e-05	3.79926e-05	3.79911e-05	3.79892e-05	3.79883e-05	3.79873e-05	3.79882e-05	3.79911e-05	3.80005e-05	3.80241e-05	3.80908e-05	3.83004e-05	3.90865e-05	3.53605e-05	1.80015e-05	5.33549e-06	5.97804e-06	6.36372e-06	6.48379e-06	6.53653e-06	6.57631e-06	6.59424e-06	6.2251e-06	4.14365e-06	3.12256e-05	1.43504e-06	-3.01714e-05	-3.26799e-05	-3.15667e-05
-1.19502e-06	1.45766e-06	3.23574e-05	6.24876e-05	3.56741e-05	3.77141e-05	3.80886e-05	3.80749e-05	3.80478e-05	3.80315e-05	3.80216e-05	3.80161e-05	3.80119e-05	3.80093e-05	3.80067e-05	3.80049e-05	3.80027e-05	3.80011e-05	3.79988e-05	3.79971e-05	3.79948e-05	3.79929e-05	3.79902e-05	3.7988e-05	3.7985e-05	3.79822e-05	3.79784e-05	3.79744e-05	3.79683e-05	3.79602e-05	3.79453e-05	3.79162e-05	3.78438e-05	3.76292e-05	3.68364e-05	4.05298e-05	5.7871e-05	7.05259e-05	6.98621e-05	6.94815e-05	6.93784e-05	6.93595e-05	6.93509e-05	6.89651e-05	6.6851e-05	9.40146e-05	6.41917e-05	3.24825e-05	3.00526e-05	3.11513e-05
-1.19498e-06	1.45771e-06	3.23574e-05	6.24877e-05	3.56742e-05	3.77142e-05	3.80887e-05	3.8075e-05	3.80479e-05	3.80316e-05	3.80218e-05	3.80163e-05	3.80122e-05	3.80096e-05	3.8007e-05	3.80053e-05	3.80032e-05	3.80017e-05	3.79995e-05	3.7998e-05	3.79959e-05	3.79943e-05	3.7992e-05	3.79904e-05	3.79881e-05	3.79865e-05	3.79844e-05	3.79833e-05	3.79822e-05	3.79829e-05	3.79857e-05	3.7995e-05	3.80186e-05	3.80853e-05	3.82951e-05	3.90816e-05	3.53563e-05	1.79982e-05	5.3347e-06	5.98293e-06	6.3794e-06	6.51671e-06	6.5672e-06	6.21029e-06	4.13169e-06	3.12238e-05	1.43324e-06	-3.01814e-05	-3.2683e-05	-3.15706e-05
-1.19501e-06	1.45766e-06	3.23574e-05	6.24876e-05	3.56741e-05	3.77141e-05	3.80886e-05	3.80749e-05	3.80478e-05	3.80315e-05	3.80216e-05	3.80161e-05	3.80119e-05	3.80094e-05	3.80067e-05	3.8005e-05	3.80027e-05	3.80012e-05	3.79989e-05	3.79973e-05	3.7995e-05	3.79932e-05	3.79906e-05	3.79886e-05	3.79858e-05	3.79834e-05	3.79802e-05	3.79773e-05	3.79732e-05	3.79691e-05	3.79629e-05	3.79546e-05	3.79398e-05	3.79107e-05	3.78385e-05	3.76243e-05	3.68322e-05	4.05274e-05	5.78721e-05	7.05331e-05	6.988e-05	6.95165e-05	6.94107e-05	6.89925e-05	6.68683e-05	9.40188e-05	6.41947e-05	3.24931e-05	3.00559e-05	3.11551e-05
-1.19498e-06	1.45771e-06	3.23574e-05	6.24877e-05	3.56742e-05	3.77142e-05	3.80887e-05	3.8075e-05	3.80479e-05	3.80316e-05	3.80218e-05	3.80163e-05	3.80121e-05	3.80096e-05	3.8007e-05	3.80053e-05	3.80031e-05	3.80016e-05	3.79995e-05	3.79979e-05	3.79957e-05	3.79941e-05	3.79917e-05	3.799e-05	3.79876e-05	3.79857e-05	3.79833e-05	3.79815e-05	3.79793e-05	3.7978e-05	3.79767e-05	3.79774e-05	3.79801e-05	3.79894e-05	3.80132e-05	3.80803e-05	3.8291e-05	3.9079e-05	3.53564e-05	1.80034e-05	5.35031e-06	6.01578e-06	6.40992e-06	6.15018e-06	4.10176e-06	3.12143e-05	1.42786e-06	-3.01932e-05	-3.26866e-05	-3.15744e-05
-1.19501e-06	1.45767e-06	3.23574e-05	6.24876e-05	3.56742e-05	3.77141e-05	3.80886e-05	3.80749e-05	3.80478e-05	3.80315e-05	3.80216e-05	3.80161e-05	3.8012e-05	3.80094e-05	3.80068e-05	3.8005e-05	3.80028e-05	3.80012e-05	3.7999e-05	3.79974e-05	3.79951e-05	3.79933e-05	3.79908e-05	3.79889e-05	3.79862e-05	3.79839e-05	3.79809e-05	3.79784e-05	3.7975e-05	3.79719e-05	3.79678e-05	3.79636e-05	3.79573e-05	3.79491e-05	3.79344e-05	3.79057e-05	3.78344e-05	3.76217e-05	3.68326e-05	4.05334e-05	5.78895e-05	7.05682e-05	6.99125e-05	6.915e-05	6.69307e-05	9.40405e-05	6.42052e-05	3.25072e-05	3.00604e-05	3.11591e-05
-1.19498e-06	1.4577e-06	3.23574e-05	6.24877e-05	3.56742e-05	3.77142e-05	3.80887e-05	3.8075e-05	3.80479e-05	3.80316e-05	3.80218e-05	3.80163e-05	3.80121e-05	3.80096e-05	3.8007e-05	3.80053e-05	3.80031e-05	3.80015e-05	3.79994e-05	3.79978e-05	3.79956e-05	3.79939e-05	3.79916e-05	3.79898e-05	3.79873e-05	3.79853e-05	3.79827e-05	3.79807e-05	3.79781e-05	3.79762e-05	3.79739e-05	3.79725e-05	3.79712e-05	3.79719e-05	3.79748e-05	3.79845e-05	3.80091e-05	3.80777e-05	3.82913e-05	3.9085e-05	3.53729e-05	1.80365e-05	5.38085e-06	5.64905e-06	3.94322e-06	3.11616e-05	1.40601e-06	-3.02117e-05	-3.26923e-05	-3.15784e-05
-1.19501e-06	1.45767e-06	3.23574e-05	6.24876e-05	3.56742e-05	3.77141e-05	3.80886e-05	3.80749e-05	3.80478e-05	3.80315e-05	3.80216e-05	3.80161e-05	3.8012e-05	3.80094e-05	3.80068e-05	3.80051e-05	3.80028e-05	3.80013e-05	3.79991e-05	3.79975e-05	3.79952e-05	3.79934e-05	3.7991e-05	3.7989e-05	3.79864e-05	3.79842e-05	3.79813e-05	3.79789e-05	3.79758e-05	3.79731e-05	3.79696e-05	3.79664e-05	3.79622e-05	3.7958e-05	3.7952e-05	3.79442e-05	3.79303e-05	3.79031e-05	3.78347e-05	3.76277e-05	3.68493e-05	4.0567e-05	5.79212e-05	7.02024e-05	6.74305e-05	9.41871e-05	6.42577e-05	3.25373e-05	3.00698e-05	3.11642e-05
-1.19498e-06	1.4577e-06	3.23574e-05	6.24877e-05	3.56742e-05	3.77142e-05	3.80887e-05	3.8075e-05	3.80479e-05	3.80316e-05	3.80217e-05	3.80163e-05	3.80121e-05	3.80096e-05	3.8007e-05	3.80052e-05	3.8003e-05	3.80015e-05	3.79994e-05	3.79978e-05	3.79955e-05	3.79939e-05	3.79915e-05	3.79896e-05	3.79871e-05	3.79851e-05	3.79825e-05	3.79804e-05	3.79776e-05	3.79755e-05	3.79727e-05	3.79707e-05	3.79683e-05	3.7967e-05	3.79659e-05	3.7967e-05	3.79707e-05	3.7982e-05	3.80095e-05	3.80838e-05	3.83082e-05	3.9119e-05	3.54034e-05	1.76698e-05	2.909e-06	3.06924e-05	1.26981e-06	-3.02647e-05	-3.27038e-05	-3.15795e-05
-1.19501e-06	1.45767e-06	3.23574e-05	6.24876e-05	3.56742e-05	3.77141e-05	3.80886e-05	3.80749e-05	3.80478e-05	3.80315e-05	3.80217e-05	3.80162e-05	3.8012e-05	3.80094e-05	3.80068e-05	3.80051e-05	3.80028e-05	3.80013e-05	3.79991e-05	3.79975e-05	3.79952e-05	3.79935e-05	3.7991e-05	3.79891e-05	3.79865e-05	3.79844e-05	3.79815e-05	3.79792e-05	3.79762e-05	3.79736e-05	3.79703e-05	3.79675e-05	3.7964e-05	3.79608e-05	3.79568e-05	3.7953e-05	3.79478e-05	3.79415e-05	3.79305e-05	3.79089e-05	3.78511e-05	3.7661e-05	3.68793e-05	4.01959e-05	5.5617e-05	9.5287e-05	6.47135e-05	3.26817e-05	3.01076e-05	3.11767e-05
-1.19498e-06	1.4577e-06	3.23574e-05	6.24877e-05	3.56742e-05	3.77142e-05	3.80887e-05	3.8075e-05	3.80479e-05	3.80316e-05	3.80217e-05	3.80163e-05	3.80121e-05	3.80096e-05	3.80069e-05	3.80052e-05	3.8003e-05	3.80015e-05	3.79993e-05	3.79978e-05	3.79955e-05	3.79938e-05	3.79914e-05	3.79896e-05	3.7987e-05	3.7985e-05	3.79823e-05	3.79802e-05	3.79774e-05	3.79751e-05	3.79722e-05	3.797e-05	3.79672e-05	3.79653e-05	3.79631e-05	3.79622e-05	3.79619e-05	3.79646e-05	3.79713e-05	3.79884e-05	3.80268e-05	3.81185e-05	3.83407e-05	3.87541e-05	3.27943e-05	4.20851e-05	2.70214e-07	-3.05381e-05	-3.26308e-05	-3.1438e-05
