-0.117758	0.0971623	-0.0855786	0.0951636	-0.0857433	0.0950782	-0.0860986	0.094972	-0.0863933	0.0948167	-0.0866514	0.0946341	-0.0868913	0.094438	-0.0871222	0.0942321	-0.0873458	0.0940221	-0.0875665	0.0938084	-0.0877858	0.093593	-0.0880038	0.0933792	-0.0882194	0.093171	-0.0884369	0.0929629	-0.0886591	0.0927637	-0.0888858	0.0925817	-0.0891445	0.0924346	-0.0894491	0.0923756	-0.0899157	0.0926066	-0.0908567	0.093953	-0.0916435
-0.120123	-0.090974	0.0957999	-0.0545959	0.0905648	-0.0549002	0.0883069	-0.0562926	0.0864359	-0.057882	0.0846614	-0.0595283	0.0829148	-0.0611942	0.081182	-0.0628708	0.0794541	-0.0645571	0.0777272	-0.0662444	0.0759992	-0.0679326	0.0742715	-0.0696174	0.0725444	-0.0712958	0.0708121	-0.0729737	0.0690716	-0.0746429	0.0673246	-0.076293	0.0655479	-0.0779036	0.0637205	-0.0794237	0.0617268	-0.0806788	0.059152	-0.0812594	0.0539659
-0.108356	-0.101275	-0.0990827	0.119912	-0.0657629	0.115464	-0.0671417	0.113318	-0.0691289	0.111335	-0.071157	0.109355	-0.073181	0.107368	-0.0751975	0.105376	-0.0772085	0.103377	-0.0792187	0.101374	-0.0812278	0.0993708	-0.0832347	0.0973711	-0.0852387	0.0953727	-0.0872476	0.0933745	-0.0892603	0.0913838	-0.091281	0.0894143	-0.0933263	0.0874803	-0.0954213	0.0856342	-0.0976743	0.0840803	-0.100405	0.0836408	-0.102975
-0.0889585	-0.0774228	-0.103601	-0.0716576	0.112033	-0.0379312	0.105729	-0.0400962	0.102052	-0.0431496	0.0986716	-0.0463409	0.0953518	-0.0495709	0.092049	-0.0528127	0.0887556	-0.0560647	0.0854616	-0.0593195	0.0821672	-0.0625751	0.0788735	-0.0658274	0.0755795	-0.0690747	0.0722813	-0.0723206	0.068977	-0.0755581	0.0656581	-0.0787747	0.0623182	-0.081957	0.0589236	-0.0850427	0.0553645	-0.0878668	0.0512231	-0.0900182	0.0444715
-0.0878001	-0.0762236	-0.0918815	-0.082107	-0.0828052	0.136717	-0.0504626	0.130424	-0.053261	0.12661	-0.0567733	0.123009	-0.0603552	0.119437	-0.063945	0.115864	-0.0675318	0.112289	-0.0711192	0.108709	-0.0747071	0.105128	-0.0782931	0.101549	-0.0818773	0.0979746	-0.0854648	0.0943982	-0.0890575	0.0908322	-0.0926585	0.0872794	-0.0962896	0.0837618	-0.0999628	0.08034	-0.103794	0.0772091	-0.108103	0.0751918	-0.112248
-0.0644141	-0.0550721	-0.0765156	-0.0621452	-0.0910574	-0.0585238	0.123775	-0.0264241	0.116286	-0.0300144	0.111336	-0.0344344	0.106647	-0.0389725	0.102006	-0.0435418	0.0973779	-0.0481255	0.0927508	-0.0527131	0.0881243	-0.0573023	0.0834995	-0.0618874	0.0788728	-0.066471	0.0742392	-0.0710489	0.0696057	-0.0756186	0.064961	-0.0801663	0.0602875	-0.0846836	0.055555	-0.0891081	0.0506619	-0.0932683	0.0451846	-0.0967603	0.0370996
-0.067978	-0.0565659	-0.0744886	-0.060109	-0.0785458	-0.0682173	-0.0703338	0.148934	-0.039229	0.141151	-0.0433679	0.135905	-0.0482503	0.130894	-0.0532207	0.125914	-0.0582011	0.120937	-0.063185	0.115961	-0.0681702	0.110982	-0.0731542	0.106007	-0.0781358	0.101037	-0.0831204	0.0960644	-0.0881101	0.0911036	-0.093108	0.0861587	-0.0981294	0.0812451	-0.103209	0.0764251	-0.108436	0.0718953	-0.114145	0.0684837	-0.119686
-0.0427813	-0.0342009	-0.0556489	-0.0433646	-0.0674307	-0.052356	-0.0825334	-0.050111	0.131357	-0.0192009	0.122827	-0.0239235	0.116798	-0.0294607	0.111021	-0.0351065	0.105288	-0.0407825	0.0995625	-0.0464645	0.0938398	-0.0521502	0.0881176	-0.0578345	0.0823944	-0.0635117	0.0766708	-0.0691881	0.0709356	-0.0748582	0.065193	-0.0805044	0.0594234	-0.0861182	0.0535975	-0.0916398	0.0476105	-0.0968946	0.041041	-0.101479	0.0318668
-0.0498134	-0.0389072	-0.057659	-0.0433541	-0.0639631	-0.048939	-0.0687024	-0.0585463	-0.0615555	0.1573	-0.0316036	0.148264	-0.0369366	0.141786	-0.0430266	0.13555	-0.0492042	0.129347	-0.0554022	0.12315	-0.0616031	0.116955	-0.0678041	0.110763	-0.0740032	0.104574	-0.0802091	0.0983853	-0.0864149	0.0922081	-0.0926279	0.0860472	-0.098874	0.0799168	-0.105167	0.0738781	-0.111614	0.0681348	-0.118539	0.0635095	-0.125298
-0.0237348	-0.0156374	-0.0374174	-0.0257835	-0.0497405	-0.0366356	-0.0618516	-0.0467746	-0.0776706	-0.0454903	0.135413	-0.0154772	0.126039	-0.0210837	0.119156	-0.0274958	0.112517	-0.0340186	0.105915	-0.0405649	0.0993217	-0.0471174	0.092732	-0.0536679	0.0861416	-0.0602144	0.0795489	-0.0667621	0.0729449	-0.0733017	0.0663362	-0.0798174	0.0596945	-0.0863008	0.0530075	-0.0926889	0.0461532	-0.0988104	0.0387161	-0.104262	0.028683
-0.0334011	-0.0229844	-0.0423068	-0.028421	-0.0497693	-0.0347283	-0.0565732	-0.041631	-0.0621964	-0.0523656	-0.0560271	0.162411	-0.0270868	0.152325	-0.0334438	0.1448	-0.0405637	0.13752	-0.0477778	0.130279	-0.0550106	0.123044	-0.0622476	0.115816	-0.0694835	0.108591	-0.0767238	0.101366	-0.0839704	0.0941498	-0.091225	0.086952	-0.0985051	0.0797867	-0.105836	0.0727138	-0.113322	0.0659336	-0.121283	0.0602705	-0.129077
-0.00716154	0.000597788	-0.0214769	-0.0102163	-0.0343937	-0.0218283	-0.0468239	-0.0336064	-0.0594328	-0.0444866	-0.0758384	-0.0438806	0.136628	-0.0145229	0.126621	-0.0207829	0.119098	-0.0278492	0.111814	-0.0350191	0.104568	-0.0422125	0.0973301	-0.049407	0.0900952	-0.0565981	0.0828558	-0.0637914	0.0756102	-0.0709742	0.0683544	-0.0781398	0.0610717	-0.0852667	0.0537377	-0.0923018	0.0462364	-0.0990702	0.0381579	-0.105173	0.0274773
-0.0187701	-0.00876829	-0.0285351	-0.015049	-0.0368766	-0.0221655	-0.0446561	-0.0296053	-0.0521615	-0.0374562	-0.0585833	-0.0490841	-0.0532478	0.164827	-0.0251459	0.153876	-0.0323531	0.145491	-0.0403253	0.137353	-0.0483958	0.129253	-0.0564839	0.121165	-0.0645763	0.113084	-0.0726751	0.105005	-0.0807767	0.0969315	-0.0888855	0.0888795	-0.0970206	0.0808627	-0.105205	0.0729369	-0.113548	0.0652978	-0.122369	0.0587801	-0.131023
0.00701219	0.014552	-0.00772723	0.00330239	-0.0210629	-0.00876341	-0.0338734	-0.021086	-0.0465823	-0.0333873	-0.0595603	-0.0447299	-0.0763708	-0.0445652	0.135681	-0.0156455	0.125249	-0.0223447	0.117296	-0.0298428	0.109582	-0.0374448	0.101907	-0.0450643	0.0942398	-0.0526828	0.0865724	-0.0603045	0.0788974	-0.0679196	0.0712143	-0.0755137	0.0635018	-0.0830696	0.0557395	-0.0905366	0.0478126	-0.0977306	0.0393076	-0.10426	0.0282021
-0.00591799	0.00375083	-0.0163602	-0.00320185	-0.0253819	-0.0109791	-0.0338605	-0.0190515	-0.0421655	-0.0272634	-0.0502916	-0.0358237	-0.0573629	-0.0481394	-0.0526895	0.16509	-0.0252537	0.153458	-0.033134	0.144395	-0.041782	0.135581	-0.0505251	0.126811	-0.0592857	0.118055	-0.0680537	0.109302	-0.0768253	0.10056	-0.0856099	0.0918365	-0.094417	0.0831487	-0.103274	0.0745537	-0.112287	0.0662436	-0.121785	0.0590491	-0.131113
0.0188504	0.0262779	0.00389275	0.0148062	-0.00965806	0.00251563	-0.0226748	-0.010049	-0.0355528	-0.0226821	-0.0484214	-0.0352366	-0.0615959	-0.0468147	-0.0786175	-0.0468823	0.133224	-0.0181856	0.122573	-0.0251059	0.114401	-0.0328253	0.106468	-0.0406448	0.098573	-0.0484804	0.0906825	-0.0563219	0.0827869	-0.064155	0.0748822	-0.0719701	0.0669544	-0.0797494	0.0589686	-0.0874374	0.0508175	-0.0948577	0.0420918	-0.101612	0.0307651
0.00512468	0.0145516	-0.00580772	0.00710932	-0.015323	-0.00115672	-0.0242989	-0.00970516	-0.0331164	-0.0183602	-0.0418554	-0.0270981	-0.0504468	-0.0361641	-0.0580002	-0.0489821	-0.0538111	0.163755	-0.0268601	0.151632	-0.035229	0.142077	-0.0443655	0.132775	-0.0535983	0.123519	-0.0628535	0.114273	-0.0721178	0.105038	-0.0813922	0.0958208	-0.0906919	0.0866458	-0.100042	0.0775573	-0.109548	0.0687603	-0.119533	0.0610761	-0.129357
0.028433	0.0358505	0.0134582	0.0243599	-0.000108929	0.0120485	-0.0131417	-0.000540869	-0.0260253	-0.0132151	-0.0388622	-0.0259036	-0.0517287	-0.0384903	-0.0649086	-0.0500967	-0.0819416	-0.0501872	0.129886	-0.0215086	0.119217	-0.0284489	0.111028	-0.0361845	0.103077	-0.0440178	0.09516	-0.0518707	0.0872457	-0.0597216	0.0793261	-0.0675534	0.0713766	-0.075351	0.0633722	-0.0830597	0.0552069	-0.0904968	0.0464646	-0.0972704	0.0351242
0.014364	0.0236386	0.00312342	0.0158887	-0.00670209	0.00731465	-0.0159888	-0.00153967	-0.0251211	-0.0104908	-0.0341883	-0.0194865	-0.043209	-0.0285455	-0.0520966	-0.0379288	-0.0599527	-0.0510602	-0.0560688	0.161371	-0.0294209	0.148937	-0.0380981	0.139078	-0.0475407	0.129476	-0.0570813	0.119914	-0.0666469	0.110372	-0.0762255	0.100851	-0.0858362	0.0913604	-0.0954958	0.0819674	-0.105313	0.0728585	-0.115608	0.0648702	-0.125739
0.0358213	0.043326	0.0210239	0.0320129	0.00763491	0.0198791	-0.00521821	0.00746581	-0.01792	-0.00503907	-0.0305701	-0.0175743	-0.0432079	-0.030099	-0.0558832	-0.0425179	-0.0688807	-0.0539522	-0.0857339	-0.0538656	0.126276	-0.0250079	0.115788	-0.0317665	0.107776	-0.0393204	0.0999984	-0.0469768	0.0922509	-0.0546451	0.0845094	-0.0622965	0.0767351	-0.0699181	0.0689103	-0.0774531	0.0609184	-0.0847152	0.0523548	-0.0913127	0.0411938
0.0217859	0.031	0.0104211	0.0231256	0.000473189	0.0144306	-0.00893759	0.0054552	-0.018195	-0.00361545	-0.0273922	-0.0127237	-0.0365584	-0.0218579	-0.0456928	-0.0310492	-0.0546976	-0.0405631	-0.0626755	-0.0538207	-0.0589142	0.158489	-0.0323848	0.145937	-0.0411837	0.135959	-0.0507543	0.12623	-0.0604266	0.116556	-0.0701225	0.106912	-0.0798526	0.0972994	-0.0896362	0.0877832	-0.0995712	0.0785572	-0.109988	0.0704461	-0.120248
0.0410858	0.0487721	0.0266541	0.0378253	0.0136309	0.0260561	0.00114301	0.0140063	-0.011192	0.00186839	-0.0234701	-0.010307	-0.0357289	-0.0224873	-0.0479875	-0.0346545	-0.0602907	-0.046716	-0.0729221	-0.0577857	-0.0894094	-0.0573346	0.122973	-0.0281044	0.112851	-0.0344926	0.105203	-0.0416775	0.0977874	-0.0489599	0.0903959	-0.0562466	0.082987	-0.0635034	0.0755294	-0.0706634	0.0679059	-0.0775635	0.0597063	-0.0837933	0.0489094
0.0273835	0.036629	0.0160811	0.0288175	0.00619488	0.0201847	-0.00315318	0.0112701	-0.0123502	0.00226447	-0.0214872	-0.0067784	-0.0305998	-0.0158395	-0.0396937	-0.0249206	-0.0487588	-0.0340596	-0.0577031	-0.0435139	-0.065618	-0.0567103	-0.0617926	0.155668	-0.035199	0.143181	-0.0439403	0.133265	-0.0534503	0.123614	-0.0630683	0.11402	-0.0727291	0.10447	-0.0824465	0.0950161	-0.0923268	0.0858474	-0.102686	0.0777997	-0.112882
0.0442943	0.052253	0.0304092	0.0418536	0.0179336	0.0306332	0.00599695	0.019132	-0.00579001	0.00754025	-0.0175184	-0.00408731	-0.0292253	-0.0157277	-0.0409266	-0.0273716	-0.0526322	-0.0389994	-0.0643878	-0.0505137	-0.07647	-0.0610378	-0.0924085	-0.0600363	0.120526	-0.0302523	0.110945	-0.036095	0.103839	-0.042723	0.0969648	-0.0494358	0.0900953	-0.0561321	0.0831884	-0.0627469	0.0761168	-0.0690965	0.0684617	-0.0747833	0.0582146
0.0311524	0.0405209	0.0200965	0.0329565	0.010457	0.0245716	0.00135466	0.0159065	-0.00759032	0.00715074	-0.0164816	-0.00164473	-0.0253508	-0.0104578	-0.0342047	-0.0192809	-0.0430459	-0.0281218	-0.0518619	-0.0370137	-0.060557	-0.0462215	-0.0682229	-0.0591684	-0.0641493	0.153468	-0.0373078	0.141228	-0.0458066	0.131573	-0.0550776	0.122184	-0.0644737	0.112875	-0.073941	0.10366	-0.0835692	0.0947467	-0.093678	0.0869495	-0.103624
0.0455117	0.0538302	0.0323486	0.0441547	0.0205972	0.033658	0.00938339	0.0228798	-0.00167793	0.0120116	-0.0126851	0.00110537	-0.0236682	-0.00981319	-0.0346409	-0.0207399	-0.0456102	-0.0316658	-0.0565916	-0.0425719	-0.067622	-0.053364	-0.0789788	-0.0631617	-0.094194	-0.0614312	0.119458	-0.0309295	0.110593	-0.0360393	0.104201	-0.0419222	0.0980271	-0.0478741	0.0918336	-0.0537586	0.0854852	-0.0593816	0.078555	-0.0643445	0.0690317
0.0330801	0.0426652	0.0224579	0.0355358	0.0132532	0.027586	0.0045854	0.0193531	-0.00392898	0.0110309	-0.0123859	0.00266995	-0.0208198	-0.00570388	-0.0292399	-0.0140877	-0.0376517	-0.0224831	-0.0460567	-0.0308919	-0.0544384	-0.0393515	-0.062697	-0.0481215	-0.0699286	-0.060627	-0.0654255	0.152446	-0.0381528	0.140649	-0.0462222	0.131446	-0.0550903	0.122527	-0.0641064	0.11374	-0.0732977	0.105252	-0.0829708	0.0978893	-0.0924866
0.0448062	0.0535684	0.032533	0.0447844	0.0216732	0.0351791	0.0113504	0.0252918	0.0011802	0.0153163	-0.00893151	0.00530331	-0.0190197	-0.0047224	-0.0290975	-0.0147578	-0.0391727	-0.0247988	-0.0492504	-0.0348359	-0.0593393	-0.0448522	-0.0694773	-0.0547496	-0.0799434	-0.0636517	-0.0942711	-0.061028	0.120276	-0.0296201	0.112295	-0.0338197	0.106767	-0.03878	0.101425	-0.0437553	0.0959558	-0.0484838	0.0899193	-0.052554	0.0812881
0.0331674	0.0430615	0.0231648	0.0365535	0.014581	0.0292243	0.00653385	0.0216112	-0.00136163	0.0139102	-0.00919632	0.00617349	-0.0170079	-0.00157946	-0.0248085	-0.00934256	-0.0326028	-0.0171133	-0.0403933	-0.0248904	-0.0481783	-0.0326806	-0.0559374	-0.0405158	-0.063575	-0.0486619	-0.0701921	-0.0605498	-0.0650743	0.15316	-0.0371788	0.142009	-0.0446536	0.133469	-0.0529441	0.125265	-0.0614962	0.11739	-0.0705427	0.110646	-0.0794436
0.0422536	0.0515398	0.031031	0.0438088	0.021224	0.0352564	0.0119542	0.0264216	0.00283669	0.0174991	-0.00622233	0.00853783	-0.0152602	-0.000438853	-0.0242863	-0.00942347	-0.0333073	-0.0184124	-0.0423271	-0.0274018	-0.0513511	-0.0363878	-0.060386	-0.0453484	-0.0694713	-0.0541873	-0.0788854	-0.0620328	-0.0921626	-0.0583474	0.123435	-0.0258611	0.116483	-0.0289722	0.111952	-0.0327919	0.107501	-0.0364477	0.102508	-0.0394573	0.094927
0.0313967	0.0416939	0.0222021	0.0359955	0.0144277	0.0294753	0.00719027	0.0226737	0.00010565	0.0157824	-0.00691903	0.00885401	-0.0139245	0.00191072	-0.0209157	-0.00504051	-0.0278995	-0.0120004	-0.0348829	-0.0189646	-0.0418643	-0.0259342	-0.0488377	-0.0329113	-0.0557871	-0.0399343	-0.0626195	-0.0472672	-0.0684297	-0.058335	-0.0625039	0.156209	-0.0338307	0.145901	-0.0405467	0.138258	-0.0481905	0.131154	-0.0564102	0.125212	-0.0644934
0.0379088	0.0477965	0.0278921	0.0412741	0.0192935	0.03393	0.0112324	0.0263049	0.00332309	0.01859	-0.00452676	0.0108364	-0.0123555	0.00307064	-0.0201713	-0.00470384	-0.0279827	-0.0124871	-0.0357933	-0.0202705	-0.0436052	-0.0280538	-0.0514198	-0.0358292	-0.0592464	-0.0435763	-0.0671281	-0.0512084	-0.0753394	-0.0578379	-0.0874168	-0.0529246	0.129362	-0.0191961	0.123565	-0.021012	0.120077	-0.0233585	0.116256	-0.0251418	0.109872
0.0277646	0.0385589	0.0195668	0.0338596	0.012791	0.0283384	0.00655324	0.0225364	0.000467789	0.0166435	-0.00555868	0.0107143	-0.011565	0.0047694	-0.0175584	-0.00118571	-0.0235474	-0.00714783	-0.0295345	-0.0131124	-0.0355187	-0.0190792	-0.0414997	-0.0250463	-0.0474748	-0.0310211	-0.0534317	-0.0370468	-0.0592721	-0.0433751	-0.0640901	-0.0534224	-0.0571927	0.162163	-0.0275667	0.152948	-0.033441	0.146594	-0.0405631	0.141612	-0.0476291
0.0318527	0.042415	0.0231886	0.0372481	0.0159451	0.0312591	0.00923843	0.0249887	0.00268496	0.0186291	-0.00380899	0.0122319	-0.0102827	0.00582177	-0.0167413	-0.000596815	-0.0231958	-0.00702372	-0.0296504	-0.013452	-0.036105	-0.0198824	-0.0425607	-0.026306	-0.0490185	-0.0327211	-0.0554928	-0.0391152	-0.0620226	-0.0453794	-0.0688878	-0.0506354	-0.079637	-0.0443286	0.138453	-0.00915388	0.133845	-0.00934711	0.131141	-0.00967038	0.126072
0.0222619	0.033648	0.0152502	0.0301375	0.00966309	0.0258051	0.00461436	0.0211914	-0.000283976	0.0164859	-0.00512375	0.0117448	-0.00994105	0.00698804	-0.0147464	0.00222262	-0.0195464	-0.00255094	-0.0243445	-0.00732669	-0.0291425	-0.0121045	-0.0339374	-0.0168799	-0.0387284	-0.0216518	-0.0435192	-0.0264422	-0.0482918	-0.0312646	-0.0529509	-0.0363857	-0.0566114	-0.0452153	-0.0485793	0.171652	-0.0179235	0.163912	-0.0230901	0.159874	-0.0288689
0.0241439	0.0354516	0.0169742	0.0317825	0.0112277	0.0272909	0.00601958	0.0225185	0.000964034	0.0176569	-0.00403216	0.012758	-0.00900812	0.00784329	-0.0139717	0.00291965	-0.0189313	-0.00201041	-0.0238872	-0.00694229	-0.0288445	-0.0118764	-0.0338018	-0.0168048	-0.0387578	-0.0217278	-0.0437227	-0.0266455	-0.0487066	-0.0315317	-0.0537484	-0.0362834	-0.0591434	-0.0400053	-0.0684462	-0.0321113	0.150983	0.00483189	0.147297	0.00679801	0.14348
0.0148831	0.0269555	0.00924722	0.0248239	0.00503835	0.0218695	0.00136734	0.0186347	-0.00215141	0.0153078	-0.00561231	0.011945	-0.00905154	0.00856668	-0.0124794	0.00517959	-0.0158989	0.00178741	-0.0193175	-0.0016087	-0.0227366	-0.00500718	-0.0261544	-0.00840338	-0.0295711	-0.0117974	-0.0329909	-0.0151921	-0.0364043	-0.0185883	-0.0398073	-0.0220182	-0.0431143	-0.0257231	-0.0454481	-0.0330842	-0.0362021	0.185451	-0.00464173	0.180222	-0.00827481
0.0148596	0.026979	0.00931718	0.0249408	0.00520155	0.0220801	0.00162384	0.0189384	-0.00180035	0.0157081	-0.00516561	0.0124401	-0.00851057	0.0091558	-0.0118442	0.00586261	-0.0151724	0.00256271	-0.0184983	-0.000738893	-0.021825	-0.00404235	-0.0251506	-0.00734213	-0.0284761	-0.0106361	-0.0318055	-0.0139294	-0.0351447	-0.0172049	-0.0385053	-0.0204396	-0.041941	-0.0235256	-0.0457604	-0.025526	-0.0535917	-0.0157204	0.166901	0.0235048	0.162221
0.00560702	0.0184617	0.00153935	0.0179018	-0.0010984	0.0165186	-0.00319841	0.0148548	-0.00514556	0.0131007	-0.00703383	0.0113107	-0.00889851	0.00950723	-0.0107523	0.00769246	-0.0126016	0.00587081	-0.0144495	0.00404541	-0.0162979	0.00221876	-0.0181449	0.000394235	-0.0199911	-0.00142572	-0.0218407	-0.00325021	-0.0236954	-0.00506731	-0.0255476	-0.00686808	-0.0274009	-0.00868976	-0.0291887	-0.0107353	-0.0301102	-0.0162456	-0.0198173	0.204969	0.0135019
0.00411389	0.0171042	0.000317918	0.0168168	-0.00204756	0.015706	-0.00387531	0.0143148	-0.00554961	0.0128338	-0.00716558	0.0113157	-0.00875938	0.00978336	-0.0103428	0.0082409	-0.0119193	0.00669156	-0.0134939	0.00514039	-0.0150704	0.00358654	-0.0166452	0.00203671	-0.0182205	0.000493857	-0.0197973	-0.00104862	-0.0213803	-0.00257919	-0.0229753	-0.0040859	-0.0246112	-0.00553367	-0.0263513	-0.00677844	-0.0285773	-0.00674734	-0.0351893	0.00569882	0.184549
-0.00571414	0.00801927	-0.00800743	0.00925046	-0.00885696	0.00965611	-0.0091681	0.00978119	-0.00932647	0.00981473	-0.0094265	0.00981295	-0.00950534	0.00979562	-0.00957277	0.00976814	-0.00963382	0.00973569	-0.00969251	0.00969902	-0.00975218	0.00966127	-0.00981007	0.00962691	-0.0098665	0.00959406	-0.00992838	0.00956308	-0.00999235	0.00954368	-0.0100627	0.00953533	-0.0101507	0.00955748	-0.0102681	0.00961398	-0.010425	0.0096435	-0.0100726	0.00679836	0.000761738
-0.00638705	0.0073975	-0.00857812	0.00873133	-0.00932517	0.00923997	-0.00953375	0.00946742	-0.00958877	0.00960629	-0.00958486	0.0097075	-0.00956066	0.00979285	-0.00952511	0.00986979	-0.00948269	0.00993936	-0.00943846	0.0100071	-0.00939557	0.0100722	-0.00935192	0.010141	-0.00930825	0.0102121	-0.0092686	0.0102888	-0.00923165	0.0103749	-0.00920675	0.0104776	-0.00921292	0.0106236	-0.00928473	0.0108833	-0.00956484	0.0115432	-0.010705	0.0140978	-0.0169386
-0.0973509	0.0961948	-0.0879474	0.093176	-0.0876287	0.0931992	-0.0877819	0.0932561	-0.0879048	0.0932694	-0.0879914	0.0932553	-0.0880617	0.0932287	-0.0881239	0.0931928	-0.0881788	0.0931529	-0.0882308	0.0931098	-0.0882824	0.0930633	-0.0883321	0.0930189	-0.0883809	0.0929808	-0.0884298	0.0929406	-0.0884843	0.092909	-0.0885489	0.0928937	-0.088637	0.0929163	-0.0887733	0.0930315	-0.0890686	0.0934371	-0.0898588	0.0949201	-0.0911498
-0.123482	-0.0693369	0.0951161	-0.0565156	0.0886575	-0.0564286	0.0864596	-0.0576517	0.0847261	-0.0590896	0.0830959	-0.0605866	0.0815006	-0.0621021	0.07992	-0.0636284	0.0783453	-0.065163	0.0767691	-0.0666995	0.0751944	-0.068237	0.073619	-0.0697709	0.0720437	-0.0712984	0.0704666	-0.072826	0.0688788	-0.0743445	0.067284	-0.0758425	0.0656587	-0.0773075	0.0639792	-0.0786819	0.0621369	-0.0797853	0.0597348	-0.080179	0.055371
-0.105707	-0.0998783	-0.0794548	0.11862	-0.0688505	0.113269	-0.0696841	0.111286	-0.0714187	0.109516	-0.0732228	0.107754	-0.075026	0.105988	-0.0768222	0.104216	-0.0786149	0.102437	-0.0804061	0.100655	-0.0821974	0.0988702	-0.0839868	0.097089	-0.0857738	0.0953134	-0.0875629	0.0935352	-0.0893571	0.0917671	-0.0911586	0.0900153	-0.0929864	0.0883008	-0.0948624	0.0866746	-0.0969021	0.0853421	-0.0994252	0.0850887	-0.102439
-0.0980522	-0.0839519	-0.105427	-0.0485639	0.112807	-0.0385053	0.105154	-0.0403942	0.101422	-0.0433952	0.098064	-0.0465508	0.0947765	-0.0497422	0.0915098	-0.0529517	0.0882505	-0.0561684	0.0849936	-0.0593878	0.0817362	-0.0626095	0.078479	-0.0658266	0.0752219	-0.0690384	0.0719612	-0.0722493	0.0686944	-0.07545	0.0654148	-0.0786341	0.0621071	-0.0817751	0.0587516	-0.0848311	0.0552312	-0.0876183	0.0511464	-0.0896956	0.0450978
-0.0806877	-0.0717421	-0.0905773	-0.0819867	-0.0644261	0.134265	-0.0546836	0.127187	-0.0568187	0.123653	-0.0599585	0.120385	-0.0631978	0.117151	-0.06645	0.113915	-0.0697005	0.110676	-0.0729512	0.107435	-0.0762022	0.104192	-0.0794515	0.100952	-0.0826989	0.0977152	-0.0859487	0.0944782	-0.0892052	0.0912511	-0.092466	0.0880387	-0.095758	0.0848651	-0.0990914	0.0817837	-0.102588	0.0789927	-0.106578	0.0772747	-0.111043
-0.0769623	-0.0648279	-0.0832929	-0.0664456	-0.0907383	-0.0333825	0.126509	-0.0251378	0.117486	-0.0286402	0.112295	-0.0331896	0.107445	-0.0378766	0.102652	-0.0425955	0.0978737	-0.047327	0.0931003	-0.0520632	0.0883266	-0.0568006	0.0835552	-0.0615331	0.0787831	-0.0662621	0.074008	-0.0709888	0.0692265	-0.0757088	0.064433	-0.0804077	0.0596104	-0.0850684	0.0547397	-0.0896421	0.0497009	-0.0939451	0.0440986	-0.0975405	0.0365336
-0.0576212	-0.048837	-0.0694698	-0.0576386	-0.0791644	-0.0699231	-0.0536894	0.144839	-0.0450036	0.136453	-0.0482967	0.131672	-0.052627	0.127176	-0.0570672	0.122717	-0.0615271	0.118261	-0.0659919	0.113805	-0.0704572	0.109348	-0.0749206	0.104897	-0.0793807	0.100449	-0.0838448	0.0959985	-0.0883144	0.0915576	-0.0927904	0.0871355	-0.0972946	0.0827468	-0.101848	0.0784512	-0.106556	0.0744454	-0.111762	0.0715125	-0.11744
-0.0578251	-0.0465433	-0.0652448	-0.0502776	-0.0714876	-0.0540588	-0.0797365	-0.0226121	0.136326	-0.0157994	0.126021	-0.0206774	0.11951	-0.0265868	0.113327	-0.0326242	0.107199	-0.0386905	0.101082	-0.0447658	0.0949685	-0.0508438	0.088856	-0.056919	0.0827425	-0.0629916	0.0766244	-0.0690617	0.0705	-0.0751236	0.0643626	-0.0811659	0.0581992	-0.0871729	0.0519846	-0.09309	0.0456027	-0.0987399	0.0386573	-0.103676	0.0297515
-0.0370857	-0.0287022	-0.0500061	-0.0382212	-0.0614201	-0.0488217	-0.0715565	-0.062365	-0.0469018	0.15133	-0.0391347	0.141935	-0.0433819	0.13616	-0.0486766	0.130677	-0.0540886	0.125235	-0.0595238	0.1198	-0.0649648	0.114366	-0.0704054	0.108936	-0.0758456	0.103507	-0.0812906	0.0980818	-0.0867376	0.092663	-0.0921926	0.0872649	-0.0976711	0.0819016	-0.103203	0.0766297	-0.108892	0.0716493	-0.115071	0.0677402	-0.121718
-0.0404314	-0.0297756	-0.0489742	-0.0347755	-0.0561353	-0.0404983	-0.063009	-0.0457287	-0.0722711	-0.0155367	0.142682	-0.00992859	0.131233	-0.015987	0.123566	-0.0230723	0.116224	-0.0302822	0.10893	-0.0375187	0.101647	-0.0447616	0.0943673	-0.0520028	0.0870897	-0.0592386	0.0798067	-0.0664767	0.0725146	-0.0737045	0.0652184	-0.0809114	0.0578902	-0.088083	0.050513	-0.0951629	0.0429743	-0.101975	0.0348665	-0.108074	0.0247936
-0.0190811	-0.0110463	-0.0327684	-0.021271	-0.0450234	-0.0323587	-0.0566491	-0.0439877	-0.0673791	-0.0583705	-0.043413	0.154544	-0.0363696	0.144385	-0.0413522	0.137854	-0.0473893	0.131616	-0.05355	0.125423	-0.059733	0.119237	-0.0659209	0.113058	-0.0721094	0.106882	-0.078305	0.100708	-0.0844997	0.0945416	-0.0907026	0.088396	-0.0969328	0.0822849	-0.103215	0.0762659	-0.10965	0.0705397	-0.116576	0.0658831	-0.123965
-0.0247858	-0.014636	-0.0343054	-0.0206459	-0.0424155	-0.0274575	-0.0500274	-0.0344473	-0.0577342	-0.0407564	-0.0679269	-0.0115826	0.146067	-0.00697449	0.133641	-0.0140309	0.124993	-0.0221101	0.116664	-0.0303106	0.108383	-0.0385355	0.100113	-0.0467644	0.091845	-0.0549914	0.0835734	-0.0632152	0.075299	-0.0714284	0.0670135	-0.0796238	0.0587012	-0.087786	0.0503309	-0.0958577	0.0418012	-0.103663	0.0327042	-0.110754	0.0216379
-0.00354174	0.00424047	-0.0177594	-0.00650176	-0.0305624	-0.0180755	-0.0428084	-0.0299721	-0.0548092	-0.0422221	-0.0660093	-0.0571644	-0.0425432	0.15521	-0.0360144	0.144516	-0.0415179	0.137451	-0.0480804	0.130685	-0.0547666	0.123964	-0.0614746	0.117255	-0.0681899	0.110552	-0.0749096	0.103851	-0.0816315	0.0971595	-0.0883646	0.0904863	-0.0951221	0.0838517	-0.101925	0.0773079	-0.108888	0.0710549	-0.116344	0.0658708	-0.124258
-0.0108843	-0.00114244	-0.0212077	-0.00796697	-0.0301171	-0.015607	-0.0384958	-0.0235075	-0.0467671	-0.0314012	-0.0552264	-0.0385522	-0.0662043	-0.0102006	0.146995	-0.00640818	0.133768	-0.0142786	0.124312	-0.0231701	0.115174	-0.0321818	0.106086	-0.0412127	0.0970069	-0.0502464	0.0879247	-0.0592808	0.0788411	-0.0683045	0.0697473	-0.0773131	0.0606199	-0.0862868	0.0514463	-0.0951658	0.0421103	-0.103776	0.032209	-0.111671	0.0203353
0.00959534	0.0172261	-0.0049363	0.00617499	-0.0180558	-0.00570078	-0.030632	-0.0178638	-0.0430386	-0.0301656	-0.0552937	-0.0427631	-0.0667838	-0.0580341	-0.0436163	0.154021	-0.037392	0.143008	-0.043208	0.135628	-0.0500824	0.128548	-0.0570801	0.121518	-0.0640991	0.114503	-0.0711269	0.107491	-0.0781656	0.100484	-0.0852077	0.0935032	-0.0922761	0.0865545	-0.0994014	0.0796962	-0.106675	0.0731312	-0.114445	0.0676327	-0.12267
0.00126315	0.010689	-0.00968727	0.0032332	-0.0192228	-0.00504235	-0.028223	-0.0135918	-0.0370822	-0.0222143	-0.0459213	-0.0307721	-0.0549877	-0.0385679	-0.0665809	-0.0108482	0.145997	-0.00769169	0.132142	-0.016194	0.122058	-0.0257152	0.112293	-0.0353518	0.102576	-0.0450087	0.0928636	-0.0546698	0.083149	-0.0643248	0.0734242	-0.0739601	0.063677	-0.0835583	0.0538763	-0.0930665	0.0439122	-0.102303	0.0333823	-0.110831	0.0208827
0.0204078	0.0279876	0.00577222	0.016834	-0.00745447	0.00485714	-0.0201432	-0.00740469	-0.0326758	-0.0197694	-0.0451298	-0.0322112	-0.0574691	-0.0449293	-0.0690512	-0.0603141	-0.0459806	0.151633	-0.0398588	0.140512	-0.0457791	0.133025	-0.0527575	0.125845	-0.0598587	0.118713	-0.066987	0.111594	-0.0741276	0.104481	-0.0812775	0.0973949	-0.0884528	0.0903403	-0.0956809	0.0833791	-0.103064	0.0767051	-0.110941	0.0710997	-0.119264
0.0116368	0.0208393	0.000242913	0.0129378	-0.00973755	0.00421444	-0.0191809	-0.00478906	-0.0284786	-0.0138795	-0.037726	-0.0229838	-0.046992	-0.0320046	-0.0564929	-0.0402566	-0.0685297	-0.01299	0.143605	-0.0102826	0.129303	-0.0192322	0.118775	-0.0291967	0.108564	-0.0392764	0.0983955	-0.049378	0.0882323	-0.0594772	0.0780652	-0.0695558	0.0678696	-0.0796012	0.0576239	-0.0895542	0.0472162	-0.099239	0.0362408	-0.108212	0.0232858
0.0289676	0.036595	0.0144246	0.0255357	0.00129069	0.0136539	-0.0113026	0.00149151	-0.0237452	-0.0107683	-0.0361257	-0.0230749	-0.0484633	-0.0354359	-0.060695	-0.0480677	-0.0721771	-0.063366	-0.0490088	0.148674	-0.0427941	0.137645	-0.0486199	0.130255	-0.0555036	0.123172	-0.0625135	0.116135	-0.069557	0.109119	-0.0766098	0.102122	-0.0836908	0.0951636	-0.0908247	0.0882953	-0.0981149	0.0817178	-0.105894	0.0762123	-0.114118
0.0202253	0.0292959	0.00856787	0.0211293	-0.00167667	0.0121393	-0.0113833	0.00287268	-0.0209389	-0.00648657	-0.0304422	-0.0158762	-0.0399301	-0.0252568	-0.049445	-0.0345491	-0.0592034	-0.0430708	-0.0715015	-0.0160657	0.140372	-0.0136235	0.125809	-0.0228336	0.115017	-0.0330568	0.10454	-0.0433996	0.0941017	-0.0537581	0.0836694	-0.0640974	0.0732102	-0.0744064	0.0627	-0.0846239	0.0520226	-0.0945794	0.0407819	-0.103816	0.0275661
0.0353515	0.0431221	0.0210929	0.0323473	0.00824572	0.0207535	-0.00406603	0.00887528	-0.0162259	-0.00309446	-0.0283223	-0.0151025	-0.040392	-0.027136	-0.0524322	-0.0392227	-0.0643724	-0.0515761	-0.0755693	-0.0665905	-0.0521107	0.145738	-0.0456082	0.134998	-0.0511474	0.1279	-0.0577456	0.121106	-0.064477	0.114364	-0.0712379	0.107653	-0.0780337	0.100977	-0.0848797	0.0943975	-0.0918829	0.0881093	-0.0993786	0.0828876	-0.107315
0.0270148	0.0360456	0.0152787	0.0278002	0.00495611	0.0187326	-0.00482977	0.00938505	-0.0144613	-5.28471e-05	-0.0240377	-0.00952667	-0.0335966	-0.0190084	-0.043151	-0.028479	-0.0527416	-0.0378578	-0.062578	-0.0464614	-0.0749558	-0.0195356	0.136843	-0.0171683	0.122201	-0.0264512	0.111327	-0.0367542	0.100766	-0.0471671	0.0902407	-0.0575809	0.0797027	-0.0679662	0.0691106	-0.0782673	0.0583565	-0.0882979	0.0470407	-0.0976112	0.0337368
0.0396268	0.0476319	0.0258375	0.0373275	0.0134607	0.026204	0.00162084	0.0148008	-0.010065	0.00330339	-0.0216926	-0.00822937	-0.0332984	-0.0197825	-0.044887	-0.0313556	-0.0564511	-0.0429782	-0.0679188	-0.0548621	-0.078644	-0.0694078	-0.0547107	0.143399	-0.0477346	0.133133	-0.052808	0.126507	-0.0589427	0.120193	-0.0652083	0.113938	-0.0715262	0.107735	-0.077902	0.101629	-0.0844292	0.0958098	-0.0914604	0.0910565	-0.0989192
0.0319938	0.0410776	0.0203647	0.0329391	0.0101492	0.0239787	0.000470135	0.014736	-0.00905598	0.00540305	-0.0185235	-0.00396486	-0.0279713	-0.0133439	-0.0374093	-0.0227268	-0.0468494	-0.0320971	-0.0563332	-0.041372	-0.0660627	-0.0498698	-0.0783309	-0.0228299	0.133578	-0.0203528	0.119038	-0.0295278	0.108268	-0.0397143	0.0978018	-0.0500013	0.0873574	-0.0602778	0.0768694	-0.0704682	0.0662237	-0.0803899	0.0550139	-0.0895998	0.0418102
0.0418703	0.0501982	0.0287278	0.0405428	0.0169992	0.0300677	0.00580784	0.0193138	-0.00522979	0.00846405	-0.0162122	-0.00241922	-0.0271687	-0.01332	-0.0381142	-0.0242337	-0.0490478	-0.0351638	-0.059961	-0.0461392	-0.0707799	-0.057377	-0.0808545	-0.0712697	-0.0562697	0.142193	-0.0486483	0.132579	-0.0530752	0.126608	-0.058571	0.120959	-0.0642198	0.115392	-0.0699381	0.109929	-0.075826	0.104753	-0.0822018	0.10065	-0.0890148
0.0351484	0.0443778	0.0238119	0.0365333	0.013891	0.027867	0.00450846	0.0189203	-0.00472551	0.00988035	-0.0138977	0.000808478	-0.0230492	-0.00828009	-0.0321912	-0.0173767	-0.0413288	-0.026472	-0.0504765	-0.0355518	-0.0596639	-0.0445335	-0.0690977	-0.0527344	-0.0810728	-0.0253966	0.131127	-0.0226242	0.116879	-0.0314956	0.106391	-0.0413681	0.0961939	-0.0513292	0.0859895	-0.0612189	0.0756342	-0.0708467	0.0647204	-0.0797564	0.0518051
0.0421556	0.0508914	0.0298301	0.042055	0.0189199	0.0323984	0.00854695	0.0224616	-0.00167322	0.0124319	-0.011835	0.00236936	-0.0219741	-0.00771289	-0.0321048	-0.0178052	-0.0422233	-0.027906	-0.0523375	-0.0380203	-0.0624325	-0.0481786	-0.0724308	-0.0585942	-0.0816856	-0.0716641	-0.0562835	0.142621	-0.0478498	0.133833	-0.051469	0.1287	-0.0561724	0.123902	-0.0610535	0.119247	-0.0661149	0.114888	-0.0716719	0.111603	-0.0776612
0.0364667	0.0459361	0.0256117	0.0385744	0.016174	0.0303912	0.00727351	0.0219262	-0.00147751	0.0133689	-0.0101682	0.00477658	-0.0188373	-0.00383048	-0.0274959	-0.0124458	-0.0361491	-0.0210659	-0.0448042	-0.0296824	-0.0534684	-0.03828	-0.0621717	-0.0467748	-0.0711211	-0.0544901	-0.0826206	-0.0266659	0.130063	-0.0234	0.116285	-0.0317742	0.106253	-0.0411318	0.0964865	-0.0505147	0.0866062	-0.0596529	0.0761694	-0.0680769	0.0637375
0.0405578	0.0497821	0.0292116	0.0419274	0.0192826	0.0332522	0.00989071	0.0242959	0.000651092	0.015247	-0.00853038	0.00616467	-0.0176893	-0.00293452	-0.0268374	-0.0120436	-0.0359771	-0.02116	-0.0451155	-0.0302838	-0.0542485	-0.0394189	-0.0633611	-0.0485934	-0.0723792	-0.0580254	-0.0806574	-0.0701138	-0.0542773	0.145164	-0.0448716	0.137376	-0.047537	0.133262	-0.0513104	0.129537	-0.0553673	0.126153	-0.0599337	0.123849	-0.0649371
0.0359371	0.0457408	0.0257524	0.0390502	0.0169855	0.0315382	0.00875605	0.023744	0.000677483	0.0158595	-0.0073421	0.0079381	-0.0153381	4.51026e-06	-0.0233242	-0.00794066	-0.0313044	-0.0158914	-0.0392856	-0.0238421	-0.0472687	-0.0317888	-0.0552605	-0.0397123	-0.0632908	-0.0475306	-0.0715745	-0.0545729	-0.0824024	-0.0260612	0.130951	-0.0221027	0.117823	-0.0297657	0.10841	-0.03836	0.0991538	-0.0468026	0.0893782	-0.0545478	0.0776108
0.0371484	0.0469382	0.026936	0.0402199	0.018143	0.0326808	0.00988721	0.0248608	0.00178325	0.0169485	-0.00626077	0.00900439	-0.0142817	0.00104223	-0.0222937	-0.00692947	-0.0302983	-0.0149087	-0.0383016	-0.0228922	-0.0463029	-0.0308811	-0.0542981	-0.038877	-0.0622745	-0.046911	-0.0701605	-0.0552057	-0.0773044	-0.0661471	-0.0497952	0.15029	-0.0392797	0.143673	-0.0408629	0.140784	-0.0436573	0.138487	-0.0470711	0.137301	-0.0509331
0.0335387	0.0437722	0.0242158	0.0379455	0.0163128	0.0312972	0.00894598	0.0243656	0.00173121	0.0173446	-0.00542428	0.0102869	-0.0125562	0.00321604	-0.0196791	-0.00386546	-0.026796	-0.0109527	-0.0339117	-0.018042	-0.0410281	-0.0251301	-0.0481458	-0.0322105	-0.055273	-0.0392661	-0.0624446	-0.0462198	-0.0698653	-0.0523861	-0.0798417	-0.0229961	0.134347	-0.0181362	0.122031	-0.0248457	0.113325	-0.0323046	0.104367	-0.0391638	0.0934415
0.0320042	0.0424333	0.0230734	0.0369992	0.0155641	0.0307446	0.00859288	0.0242089	0.00177303	0.0175813	-0.00498746	0.0109194	-0.0117263	0.00424035	-0.0184538	-0.00244616	-0.0251738	-0.00914033	-0.0318934	-0.0158388	-0.0386131	-0.0225403	-0.04533	-0.0292425	-0.0520411	-0.0359486	-0.0587361	-0.0426976	-0.0653403	-0.0496953	-0.0712093	-0.0593369	-0.0424431	0.158423	-0.0306936	0.153184	-0.031146	0.151868	-0.0331503	0.15192	-0.0357067
0.0292597	0.0400189	0.0209908	0.0352483	0.0141435	0.029656	0.00783394	0.0237821	0.00167697	0.0178181	-0.00442198	0.0118178	-0.0104974	0.00580342	-0.0165629	-0.00022256	-0.0226229	-0.00625333	-0.0286825	-0.012288	-0.0347426	-0.0183225	-0.0408018	-0.0243528	-0.0468634	-0.0303706	-0.0529344	-0.0363695	-0.0590574	-0.0422582	-0.0654313	-0.0473491	-0.0743742	-0.0168637	0.140822	-0.0108601	0.129392	-0.0162511	0.121171	-0.021933	0.111252
0.0251932	0.0363319	0.0176848	0.0323233	0.0116005	0.0274935	0.00605416	0.022383	0.000659385	0.0171809	-0.00467677	0.0119431	-0.00999034	0.00669093	-0.0152917	0.00142913	-0.020587	-0.00383908	-0.025881	-0.00911103	-0.0311759	-0.0143861	-0.0364691	-0.0196587	-0.0417589	-0.0249298	-0.0470475	-0.0302125	-0.0523243	-0.0355286	-0.0575143	-0.0410878	-0.0619909	-0.0492682	-0.0318479	0.170012	-0.0188352	0.166484	-0.0183563	0.16766	-0.0193548
0.0230927	0.0344746	0.0160718	0.0309546	0.0104747	0.0266121	0.00541417	0.0219872	0.000506956	0.0172728	-0.00434217	0.0125229	-0.0091683	0.00775637	-0.0139854	0.00298064	-0.0187952	-0.00180102	-0.0236036	-0.00658499	-0.0284125	-0.0113705	-0.033221	-0.0161517	-0.0380295	-0.0209285	-0.0428478	-0.0256988	-0.0476755	-0.0304342	-0.0525517	-0.0350556	-0.0577084	-0.0388611	-0.06545	-0.00703285	0.150836	0.000489323	0.140093	-0.00292693	0.131097
0.0167969	0.0287111	0.0108432	0.0262606	0.00631599	0.0229884	0.00232786	0.0194352	-0.00150964	0.015791	-0.00528767	0.012112	-0.00904264	0.00841743	-0.0127877	0.00471219	-0.0165263	0.0010009	-0.020264	-0.00271401	-0.0240013	-0.00643046	-0.0277376	-0.0101438	-0.0314717	-0.0138549	-0.0352101	-0.01757	-0.0389465	-0.0212847	-0.0426701	-0.0250215	-0.0463287	-0.0289812	-0.0492967	-0.0355163	-0.0177522	0.18562	-0.00366288	0.184721	-0.00204098
0.0150248	0.0271256	0.00944529	0.0250502	0.00529225	0.0221519	0.00167641	0.0189718	-0.00178663	0.0157025	-0.00519165	0.0123962	-0.00857259	0.00907446	-0.0119456	0.0057432	-0.0153103	0.0024054	-0.018675	-0.000934573	-0.0220397	-0.00427658	-0.0254031	-0.00761342	-0.028765	-0.010946	-0.032132	-0.0142754	-0.0355087	-0.0175922	-0.0389024	-0.0208654	-0.0423627	-0.024008	-0.04613	-0.0262863	-0.0525924	0.00727268	0.164586	0.0169547	0.153242
0.00686619	0.0196201	0.00259591	0.0188567	-0.000244755	0.0172711	-0.00254749	0.0154025	-0.00469923	0.0134462	-0.00679156	0.0114518	-0.00885987	0.00944213	-0.0109206	0.00742421	-0.0129716	0.0053991	-0.0150227	0.00337181	-0.0170732	0.00134249	-0.0191226	-0.00068375	-0.0211699	-0.00270577	-0.0232218	-0.00472874	-0.0252763	-0.00674756	-0.0273324	-0.00875623	-0.029404	-0.0107751	-0.0314278	-0.0129612	-0.03287	-0.0175294	-0.00018293	0.206327	0.0152095
0.00509775	0.0180109	0.00114679	0.0175674	-0.00137479	0.0163007	-0.00335889	0.0147517	-0.00519104	0.0131136	-0.00696229	0.0114416	-0.00871155	0.00975246	-0.0104513	0.00805395	-0.0121837	0.00634765	-0.013917	0.00463965	-0.015649	0.00292944	-0.0173801	0.00122356	-0.0191112	-0.000478045	-0.0208473	-0.00218132	-0.0225885	-0.0038692	-0.0243417	-0.00553384	-0.0261307	-0.00714042	-0.0280139	-0.00856144	-0.0303026	-0.00892415	-0.0356609	0.0272394	0.181249
-0.00470248	0.00895923	-0.00714654	0.0100325	-0.00815257	0.0102821	-0.00862033	0.0102484	-0.0089369	0.0101263	-0.00919267	0.00996865	-0.00942635	0.00979431	-0.00965187	0.00961156	-0.0098668	0.00942289	-0.0100827	0.00922999	-0.0102986	0.00903585	-0.0105136	0.0088443	-0.0107282	0.00865793	-0.0109463	0.00846533	-0.0111704	0.00828743	-0.0113951	0.00812862	-0.0116421	0.00799218	-0.0119193	0.00790444	-0.0122695	0.00783183	-0.0124055	0.00598708	0.0202567
-0.00632777	0.00745293	-0.00852659	0.00877847	-0.00928213	0.00927838	-0.00950063	0.00949518	-0.00956624	0.00962406	-0.00957202	0.00971589	-0.00955516	0.00979269	-0.0095293	0.00986025	-0.00949609	0.00992031	-0.0094625	0.0099782	-0.00942881	0.010035	-0.00939293	0.0100949	-0.00935841	0.010159	-0.00932562	0.0102232	-0.00930028	0.0102975	-0.00928592	0.0103939	-0.00929975	0.0105262	-0.00937626	0.0107763	-0.00965181	0.0114042	-0.0107036	0.0137051	-0.0155698
