-6.671684960023948179e+02
-6.146684960023948179e+02
-5.866310190089900516e+02
-5.590509640239506552e+02
-5.318889508133052004e+02
-5.052873301404744666e+02
-4.790649431303032770e+02
-4.528137922427682156e+02
-4.265661660643294226e+02
-4.003161309225739046e+02
-3.740636337458858520e+02
-3.478097343935870072e+02
-3.215586237162733596e+02
-2.953096583024069446e+02
-2.690618687396375890e+02
-2.428143282910291418e+02
-2.165660648456097306e+02
-1.903161459329662648e+02
-1.640636361476548473e+02
-1.378097295358055305e+02
-1.115586278948259178e+02
-8.530965519647327255e+01
-5.906187094779703273e+01
-3.281432674449750664e+01
-6.566065915391996022e+00
1.968385479328384946e+01
4.593636338405918451e+01
7.219027072412198720e+01
9.844137202197170211e+01
1.246903447202875270e+02
1.509381293092791338e+02
1.771856727932098181e+02
2.034339348075002647e+02
2.296838537187145448e+02
2.559363649493266735e+02
2.821902684939669825e+02
3.084413751379485689e+02
3.346903405558329041e+02
3.609381341194622337e+02
3.871856704270184082e+02
4.134339198589371449e+02
4.396839552489363996e+02
4.659358232811134144e+02
4.921933684967575005e+02
5.184189801165409790e+02
5.450182004743855941e+02
5.721588895395531154e+02
5.997354392475411942e+02
6.277263794465511637e+02
6.802263794465511637e+02
