1.096380368308087078e-01
-1.018268280030386330e-02
6.783577160060218214e-02
6.308228326610471060e-02
6.629463251812143555e-03
-3.161114031286463288e-02
-7.421317250856653350e-03
-1.262357709023568531e-01
-5.829156106935141912e-02
-5.504634715816966034e-02
-1.057777482176430611e-01
1.688502728466446251e-02
-1.623242694556682048e-02
-5.345027730806242022e-02
6.708882056556897400e-02
-6.467532025381063365e-02
-5.580408202439281901e-02
3.617915228200415528e-02
-1.920395725544810084e-01
6.422055630464244824e-02
-1.630609769578465207e-01
1.937684308766362412e-02
-3.017001234263131867e-02
-2.828017818781981482e-02
8.219761988388493701e-02
2.921905865419013870e-02
3.343924920980575338e-02
1.660968797592407009e-01
-4.722945475559587464e-03
1.004157458856010515e-01
1.174226114957373640e-01
-6.047663194262634101e-02
1.288569206873839412e-01
-4.396706482570917479e-02
8.395100398295695862e-03
1.759846829224863060e-02
-5.174204282455927006e-02
5.061631430160672129e-02
-8.216754645955966219e-02
7.561370259315496056e-02
-6.734183722388559223e-02
2.918311694328650299e-02
-7.398908221401415131e-02
7.718733287296715428e-02
9.047734711451457801e-02
-8.897693843589311175e-03
4.962649896644249353e-02
5.641214750238386470e-03
-4.362888077203912196e-02
-1.521714765628930655e-01
6.993548904407885514e-02
-2.231372890396354502e-01
-2.790600878808206613e-03
1.911120946226347456e-02
-1.094081979004866145e-01
4.079672016740835960e-02
2.964979362224996751e-02
-8.288007889857895716e-02
-8.086340909716643183e-03
1.265584351873338346e-03
-1.544907274051054713e-01
7.376497695738461723e-03
-8.601879114608119992e-02
-5.500977336623200792e-02
-1.291097732915727665e-02
5.568348490570105246e-03
1.000349368414252607e-02
7.160398228157394129e-02
3.576534824449203315e-02
1.164038011587581745e-01
5.601449022269689576e-02
5.175053904859539672e-02
1.565767645608451275e-01
-8.752464710734461639e-02
1.555233091928486522e-01
-4.815457871213587454e-02
1.473020876533693516e-03
2.041616526872464324e-02
-1.221130480572928806e-02
-4.438819992976340834e-02
4.147533763114741312e-02
-2.543166755670829213e-02
-2.825217559034250495e-02
5.000027723568380156e-02
